15
3 10 2 5 2 8 8 8 7 4 2 8 1 7 7
10 1 8 5 4 10 2 6 1 1 1 9 1 7 4
1 2 0 2 0 1 1 2 0 1 0 2 0 1 1
0 0 1 2 2 0 0 2 2 1 0 2 1 2 2
2 0 1 2 2 0 1 1 2 1 2 1 2 0 1
0 2 0 1 1 2 0 1 2 2 2 2 1 0 1
2 2 0 0 0 2 1 1 1 2 0 1 0 1 2
2 2 2 1 0 2 0 0 2 0 0 0 2 2 0
1 2 1 2 1 0 1 1 2 2 2 2 0 1 2
2 0 2 2 0 1 0 0 1 1 2 2 0 2 1
1 1 1 1 0 2 2 0 2 2 1 1 2 0 0
2 0 2 2 0 0 2 1 0 0 2 0 0 0 1
0 1 0 1 0 2 0 1 1 0 0 0 0 1 2
0 2 1 2 2 1 1 2 1 1 0 1 0 0 1
1 1 1 0 1 0 1 2 2 0 2 0 1 0 0
0 1 0 0 2 0 1 2 2 2 1 2 0 0 2
2 2 1 0 2 2 0 1 2 2 1 2 2 0 1
0 2 1 0 0 0 1 0 0 1 1 2 0 1 0
