15
1 2 2 6 3 5 5 10 4 10 1 10 3 7 7
9 6 9 8 9 5 1 1 6 8 6 7 7 9 3
2 0 0 0 0 0 1 0 0 2 2 1 2 2 2
0 0 1 1 2 2 1 2 1 1 1 0 1 2 2
1 0 2 2 0 1 1 1 2 2 1 2 1 1 1
2 2 0 2 2 1 1 2 0 1 2 0 2 1 1
1 1 2 0 2 2 2 2 2 2 2 1 1 2 0
1 2 1 2 0 2 0 1 2 0 0 2 0 0 2
2 0 1 2 0 0 2 0 2 0 1 0 0 0 1
2 0 0 1 1 0 0 0 2 0 0 0 0 0 0
2 0 1 1 0 0 2 0 0 2 2 0 1 2 0
0 0 0 0 1 2 2 2 0 2 0 1 1 1 0
1 1 2 2 2 0 1 1 2 0 2 0 1 0 0
2 2 1 0 0 1 0 2 2 1 0 1 2 1 0
1 1 1 2 1 2 0 2 2 0 2 0 0 1 0
0 0 0 0 1 2 0 2 2 0 0 0 0 2 1
0 1 0 2 0 2 2 2 1 1 2 1 1 0 2
0 0 0 1 1 0 0 2 2 0 0 0 0 0 0
