20
4 10 9 3 6 10 8 10 2 10 1 8 5 9 4 4 8 9 9 8
7 3 4 3 9 7 1 2 3 10 1 5 1 5 8 10 7 7 7 10
1 0 1 0 0 0 1 0 1 2 1 2 1 1 2 1 2 1 2 2
0 1 2 0 1 2 0 1 2 2 2 0 2 1 2 2 2 0 2 2
0 0 2 2 1 1 0 0 1 2 1 0 1 0 1 0 0 1 1 1
0 0 0 2 2 0 1 2 2 1 2 1 2 0 0 1 0 0 0 2
2 0 0 0 1 1 2 1 0 2 0 1 1 1 0 1 1 1 2 1
2 2 2 2 0 0 2 2 1 1 2 2 2 0 1 1 1 2 1 2
1 0 1 2 1 0 0 1 2 2 2 0 0 2 2 1 1 1 2 1
2 2 1 2 1 0 0 2 0 2 0 1 1 2 1 1 2 2 1 0
1 0 1 1 2 1 1 0 1 0 0 2 2 2 0 1 2 0 2 1
0 1 0 2 1 2 2 0 0 0 2 1 1 2 0 1 0 0 1 2
2 0 2 1 1 0 0 0 2 0 0 1 2 0 1 1 2 0 2 1
2 0 1 1 2 1 1 1 2 1 0 1 1 2 1 0 1 0 0 0
1 2 2 1 2 2 0 0 2 1 2 0 2 2 1 2 1 0 0 2
1 0 0 0 0 2 2 0 1 2 0 0 0 1 2 0 0 2 1 0
2 0 2 2 1 0 2 0 1 0 1 2 1 0 0 1 0 0 0 2
0 0 0 1 0 0 1 2 2 1 0 1 0 1 0 2 2 2 1 0
1 1 0 0 0 0 0 0 0 1 0 2 0 2 2 0 1 1 0 1
0 1 1 2 1 2 1 1 1 0 1 1 0 0 2 0 0 2 2 1
0 2 0 0 1 1 2 2 2 1 2 0 2 1 0 1 2 0 1 2
1 1 2 1 1 0 0 0 2 1 2 2 0 1 0 1 0 0 0 1
1 2 1 0 1 2 0 2 2 2 1 2 0 2 1 2 2 0 2 0
