64
1 1 1 1 1 1 1 1 1 1 1 1 1 1 1 1 1 1 1 1 1 1 1 1 1 1 1 1 1 1 1 1 1 1 1 1 1 1 1 1 1 1 1 1 1 1 1 1 1 1 1 1 1 1 1 1 1 1 1 1 1 1 1 1
x_1: [2, 3, 5, 9, 17, 33]
x_2: [1, 4, 6, 10, 18, 34]
x_3: [1, 4, 7, 11, 19, 35]
x_4: [2, 3, 8, 12, 20, 36]
x_5: [1, 6, 7, 13, 21, 37]
x_6: [2, 5, 8, 14, 22, 38]
x_7: [3, 5, 8, 15, 23, 39]
x_8: [4, 6, 7, 16, 24, 40]
x_9: [1, 10, 11, 13, 25, 41]
x_10: [2, 9, 12, 14, 26, 42]
x_11: [3, 9, 12, 15, 27, 43]
x_12: [4, 10, 11, 16, 28, 44]
x_13: [5, 9, 14, 15, 29, 45]
x_14: [6, 10, 13, 16, 30, 46]
x_15: [7, 11, 13, 16, 31, 47]
x_16: [8, 12, 14, 15, 32, 48]
x_17: [1, 18, 19, 21, 25, 49]
x_18: [2, 17, 20, 22, 26, 50]
x_19: [3, 17, 20, 23, 27, 51]
x_20: [4, 18, 19, 24, 28, 52]
x_21: [5, 17, 22, 23, 29, 53]
x_22: [6, 18, 21, 24, 30, 54]
x_23: [7, 19, 21, 24, 31, 55]
x_24: [8, 20, 22, 23, 32, 56]
x_25: [9, 17, 26, 27, 29, 57]
x_26: [10, 18, 25, 28, 30, 58]
x_27: [11, 19, 25, 28, 31, 59]
x_28: [12, 20, 26, 27, 32, 60]
x_29: [13, 21, 25, 30, 31, 61]
x_30: [14, 22, 26, 29, 32, 62]
x_31: [15, 23, 27, 29, 32, 63]
x_32: [16, 24, 28, 30, 31, 64]
x_33: [1, 34, 35, 37, 41, 49]
x_34: [2, 33, 36, 38, 42, 50]
x_35: [3, 33, 36, 39, 43, 51]
x_36: [4, 34, 35, 40, 44, 52]
x_37: [5, 33, 38, 39, 45, 53]
x_38: [6, 34, 37, 40, 46, 54]
x_39: [7, 35, 37, 40, 47, 55]
x_40: [8, 36, 38, 39, 48, 56]
x_41: [9, 33, 42, 43, 45, 57]
x_42: [10, 34, 41, 44, 46, 58]
x_43: [11, 35, 41, 44, 47, 59]
x_44: [12, 36, 42, 43, 48, 60]
x_45: [13, 37, 41, 46, 47, 61]
x_46: [14, 38, 42, 45, 48, 62]
x_47: [15, 39, 43, 45, 48, 63]
x_48: [16, 40, 44, 46, 47, 64]
x_49: [17, 33, 50, 51, 53, 57]
x_50: [18, 34, 49, 52, 54, 58]
x_51: [19, 35, 49, 52, 55, 59]
x_52: [20, 36, 50, 51, 56, 60]
x_53: [21, 37, 49, 54, 55, 61]
x_54: [22, 38, 50, 53, 56, 62]
x_55: [23, 39, 51, 53, 56, 63]
x_56: [24, 40, 52, 54, 55, 64]
x_57: [25, 41, 49, 58, 59, 61]
x_58: [26, 42, 50, 57, 60, 62]
x_59: [27, 43, 51, 57, 60, 63]
x_60: [28, 44, 52, 58, 59, 64]
x_61: [29, 45, 53, 57, 62, 63]
x_62: [30, 46, 54, 58, 61, 64]
x_63: [31, 47, 55, 59, 61, 64]
x_64: [32, 48, 56, 60, 62, 63]