1024
1 1 1 1 1 1 1 1 1 1 1 1 1 1 1 1 1 1 1 1 1 1 1 1 1 1 1 1 1 1 1 1 1 1 1 1 1 1 1 1 1 1 1 1 1 1 1 1 1 1 1 1 1 1 1 1 1 1 1 1 1 1 1 1 1 1 1 1 1 1 1 1 1 1 1 1 1 1 1 1 1 1 1 1 1 1 1 1 1 1 1 1 1 1 1 1 1 1 1 1 1 1 1 1 1 1 1 1 1 1 1 1 1 1 1 1 1 1 1 1 1 1 1 1 1 1 1 1 1 1 1 1 1 1 1 1 1 1 1 1 1 1 1 1 1 1 1 1 1 1 1 1 1 1 1 1 1 1 1 1 1 1 1 1 1 1 1 1 1 1 1 1 1 1 1 1 1 1 1 1 1 1 1 1 1 1 1 1 1 1 1 1 1 1 1 1 1 1 1 1 1 1 1 1 1 1 1 1 1 1 1 1 1 1 1 1 1 1 1 1 1 1 1 1 1 1 1 1 1 1 1 1 1 1 1 1 1 1 1 1 1 1 1 1 1 1 1 1 1 1 1 1 1 1 1 1 1 1 1 1 1 1 1 1 1 1 1 1 1 1 1 1 1 1 1 1 1 1 1 1 1 1 1 1 1 1 1 1 1 1 1 1 1 1 1 1 1 1 1 1 1 1 1 1 1 1 1 1 1 1 1 1 1 1 1 1 1 1 1 1 1 1 1 1 1 1 1 1 1 1 1 1 1 1 1 1 1 1 1 1 1 1 1 1 1 1 1 1 1 1 1 1 1 1 1 1 1 1 1 1 1 1 1 1 1 1 1 1 1 1 1 1 1 1 1 1 1 1 1 1 1 1 1 1 1 1 1 1 1 1 1 1 1 1 1 1 1 1 1 1 1 1 1 1 1 1 1 1 1 1 1 1 1 1 1 1 1 1 1 1 1 1 1 1 1 1 1 1 1 1 1 1 1 1 1 1 1 1 1 1 1 1 1 1 1 1 1 1 1 1 1 1 1 1 1 1 1 1 1 1 1 1 1 1 1 1 1 1 1 1 1 1 1 1 1 1 1 1 1 1 1 1 1 1 1 1 1 1 1 1 1 1 1 1 1 1 1 1 1 1 1 1 1 1 1 1 1 1 1 1 1 1 1 1 1 1 1 1 1 1 1 1 1 1 1 1 1 1 1 1 1 1 1 1 1 1 1 1 1 1 1 1 1 1 1 1 1 1 1 1 1 1 1 1 1 1 1 1 1 1 1 1 1 1 1 1 1 1 1 1 1 1 1 1 1 1 1 1 1 1 1 1 1 1 1 1 1 1 1 1 1 1 1 1 1 1 1 1 1 1 1 1 1 1 1 1 1 1 1 1 1 1 1 1 1 1 1 1 1 1 1 1 1 1 1 1 1 1 1 1 1 1 1 1 1 1 1 1 1 1 1 1 1 1 1 1 1 1 1 1 1 1 1 1 1 1 1 1 1 1 1 1 1 1 1 1 1 1 1 1 1 1 1 1 1 1 1 1 1 1 1 1 1 1 1 1 1 1 1 1 1 1 1 1 1 1 1 1 1 1 1 1 1 1 1 1 1 1 1 1 1 1 1 1 1 1 1 1 1 1 1 1 1 1 1 1 1 1 1 1 1 1 1 1 1 1 1 1 1 1 1 1 1 1 1 1 1 1 1 1 1 1 1 1 1 1 1 1 1 1 1 1 1 1 1 1 1 1 1 1 1 1 1 1 1 1 1 1 1 1 1 1 1 1 1 1 1 1 1 1 1 1 1 1 1 1 1 1 1 1 1 1 1 1 1 1 1 1 1 1 1 1 1 1 1 1 1 1 1 1 1 1 1 1 1 1 1 1 1 1 1 1 1 1 1 1 1 1 1 1 1 1 1 1 1 1 1 1 1 1 1 1 1 1 1 1 1 1 1 1 1 1 1 1 1 1 1 1 1 1 1 1 1 1 1 1 1 1 1 1 1 1 1 1 1 1 1 1 1 1 1 1 1 1 1 1 1 1 1 1 1 1 1 1 1 1 1 1 1 1 1 1 1 1 1 1 1 1 1 1 1 1 1 1 1 1 1 1 1 1 1 1 1 1 1 1 1 1 1 1 1 1 1 1 1 1 1 1 1 1 1 1 1 1 1 1 1 1 1 1 1 1 1 1 1 1 1 1 1 1 1 1 1 1 1 1 1 1 1 1 1 1 1 1 1 1 1 1 1 1 1 1 1 1 1 1 1 1 1 1 1 1 1 1 1 1 1 1 1 1 1 1 1 1 1 1 1 1 1 1 1 1 1 1
x_1: [2, 3, 5, 9, 17, 33, 65, 129, 257, 513]
x_2: [1, 4, 6, 10, 18, 34, 66, 130, 258, 514]
x_3: [1, 4, 7, 11, 19, 35, 67, 131, 259, 515]
x_4: [2, 3, 8, 12, 20, 36, 68, 132, 260, 516]
x_5: [1, 6, 7, 13, 21, 37, 69, 133, 261, 517]
x_6: [2, 5, 8, 14, 22, 38, 70, 134, 262, 518]
x_7: [3, 5, 8, 15, 23, 39, 71, 135, 263, 519]
x_8: [4, 6, 7, 16, 24, 40, 72, 136, 264, 520]
x_9: [1, 10, 11, 13, 25, 41, 73, 137, 265, 521]
x_10: [2, 9, 12, 14, 26, 42, 74, 138, 266, 522]
x_11: [3, 9, 12, 15, 27, 43, 75, 139, 267, 523]
x_12: [4, 10, 11, 16, 28, 44, 76, 140, 268, 524]
x_13: [5, 9, 14, 15, 29, 45, 77, 141, 269, 525]
x_14: [6, 10, 13, 16, 30, 46, 78, 142, 270, 526]
x_15: [7, 11, 13, 16, 31, 47, 79, 143, 271, 527]
x_16: [8, 12, 14, 15, 32, 48, 80, 144, 272, 528]
x_17: [1, 18, 19, 21, 25, 49, 81, 145, 273, 529]
x_18: [2, 17, 20, 22, 26, 50, 82, 146, 274, 530]
x_19: [3, 17, 20, 23, 27, 51, 83, 147, 275, 531]
x_20: [4, 18, 19, 24, 28, 52, 84, 148, 276, 532]
x_21: [5, 17, 22, 23, 29, 53, 85, 149, 277, 533]
x_22: [6, 18, 21, 24, 30, 54, 86, 150, 278, 534]
x_23: [7, 19, 21, 24, 31, 55, 87, 151, 279, 535]
x_24: [8, 20, 22, 23, 32, 56, 88, 152, 280, 536]
x_25: [9, 17, 26, 27, 29, 57, 89, 153, 281, 537]
x_26: [10, 18, 25, 28, 30, 58, 90, 154, 282, 538]
x_27: [11, 19, 25, 28, 31, 59, 91, 155, 283, 539]
x_28: [12, 20, 26, 27, 32, 60, 92, 156, 284, 540]
x_29: [13, 21, 25, 30, 31, 61, 93, 157, 285, 541]
x_30: [14, 22, 26, 29, 32, 62, 94, 158, 286, 542]
x_31: [15, 23, 27, 29, 32, 63, 95, 159, 287, 543]
x_32: [16, 24, 28, 30, 31, 64, 96, 160, 288, 544]
x_33: [1, 34, 35, 37, 41, 49, 97, 161, 289, 545]
x_34: [2, 33, 36, 38, 42, 50, 98, 162, 290, 546]
x_35: [3, 33, 36, 39, 43, 51, 99, 163, 291, 547]
x_36: [4, 34, 35, 40, 44, 52, 100, 164, 292, 548]
x_37: [5, 33, 38, 39, 45, 53, 101, 165, 293, 549]
x_38: [6, 34, 37, 40, 46, 54, 102, 166, 294, 550]
x_39: [7, 35, 37, 40, 47, 55, 103, 167, 295, 551]
x_40: [8, 36, 38, 39, 48, 56, 104, 168, 296, 552]
x_41: [9, 33, 42, 43, 45, 57, 105, 169, 297, 553]
x_42: [10, 34, 41, 44, 46, 58, 106, 170, 298, 554]
x_43: [11, 35, 41, 44, 47, 59, 107, 171, 299, 555]
x_44: [12, 36, 42, 43, 48, 60, 108, 172, 300, 556]
x_45: [13, 37, 41, 46, 47, 61, 109, 173, 301, 557]
x_46: [14, 38, 42, 45, 48, 62, 110, 174, 302, 558]
x_47: [15, 39, 43, 45, 48, 63, 111, 175, 303, 559]
x_48: [16, 40, 44, 46, 47, 64, 112, 176, 304, 560]
x_49: [17, 33, 50, 51, 53, 57, 113, 177, 305, 561]
x_50: [18, 34, 49, 52, 54, 58, 114, 178, 306, 562]
x_51: [19, 35, 49, 52, 55, 59, 115, 179, 307, 563]
x_52: [20, 36, 50, 51, 56, 60, 116, 180, 308, 564]
x_53: [21, 37, 49, 54, 55, 61, 117, 181, 309, 565]
x_54: [22, 38, 50, 53, 56, 62, 118, 182, 310, 566]
x_55: [23, 39, 51, 53, 56, 63, 119, 183, 311, 567]
x_56: [24, 40, 52, 54, 55, 64, 120, 184, 312, 568]
x_57: [25, 41, 49, 58, 59, 61, 121, 185, 313, 569]
x_58: [26, 42, 50, 57, 60, 62, 122, 186, 314, 570]
x_59: [27, 43, 51, 57, 60, 63, 123, 187, 315, 571]
x_60: [28, 44, 52, 58, 59, 64, 124, 188, 316, 572]
x_61: [29, 45, 53, 57, 62, 63, 125, 189, 317, 573]
x_62: [30, 46, 54, 58, 61, 64, 126, 190, 318, 574]
x_63: [31, 47, 55, 59, 61, 64, 127, 191, 319, 575]
x_64: [32, 48, 56, 60, 62, 63, 128, 192, 320, 576]
x_65: [1, 66, 67, 69, 73, 81, 97, 193, 321, 577]
x_66: [2, 65, 68, 70, 74, 82, 98, 194, 322, 578]
x_67: [3, 65, 68, 71, 75, 83, 99, 195, 323, 579]
x_68: [4, 66, 67, 72, 76, 84, 100, 196, 324, 580]
x_69: [5, 65, 70, 71, 77, 85, 101, 197, 325, 581]
x_70: [6, 66, 69, 72, 78, 86, 102, 198, 326, 582]
x_71: [7, 67, 69, 72, 79, 87, 103, 199, 327, 583]
x_72: [8, 68, 70, 71, 80, 88, 104, 200, 328, 584]
x_73: [9, 65, 74, 75, 77, 89, 105, 201, 329, 585]
x_74: [10, 66, 73, 76, 78, 90, 106, 202, 330, 586]
x_75: [11, 67, 73, 76, 79, 91, 107, 203, 331, 587]
x_76: [12, 68, 74, 75, 80, 92, 108, 204, 332, 588]
x_77: [13, 69, 73, 78, 79, 93, 109, 205, 333, 589]
x_78: [14, 70, 74, 77, 80, 94, 110, 206, 334, 590]
x_79: [15, 71, 75, 77, 80, 95, 111, 207, 335, 591]
x_80: [16, 72, 76, 78, 79, 96, 112, 208, 336, 592]
x_81: [17, 65, 82, 83, 85, 89, 113, 209, 337, 593]
x_82: [18, 66, 81, 84, 86, 90, 114, 210, 338, 594]
x_83: [19, 67, 81, 84, 87, 91, 115, 211, 339, 595]
x_84: [20, 68, 82, 83, 88, 92, 116, 212, 340, 596]
x_85: [21, 69, 81, 86, 87, 93, 117, 213, 341, 597]
x_86: [22, 70, 82, 85, 88, 94, 118, 214, 342, 598]
x_87: [23, 71, 83, 85, 88, 95, 119, 215, 343, 599]
x_88: [24, 72, 84, 86, 87, 96, 120, 216, 344, 600]
x_89: [25, 73, 81, 90, 91, 93, 121, 217, 345, 601]
x_90: [26, 74, 82, 89, 92, 94, 122, 218, 346, 602]
x_91: [27, 75, 83, 89, 92, 95, 123, 219, 347, 603]
x_92: [28, 76, 84, 90, 91, 96, 124, 220, 348, 604]
x_93: [29, 77, 85, 89, 94, 95, 125, 221, 349, 605]
x_94: [30, 78, 86, 90, 93, 96, 126, 222, 350, 606]
x_95: [31, 79, 87, 91, 93, 96, 127, 223, 351, 607]
x_96: [32, 80, 88, 92, 94, 95, 128, 224, 352, 608]
x_97: [33, 65, 98, 99, 101, 105, 113, 225, 353, 609]
x_98: [34, 66, 97, 100, 102, 106, 114, 226, 354, 610]
x_99: [35, 67, 97, 100, 103, 107, 115, 227, 355, 611]
x_100: [36, 68, 98, 99, 104, 108, 116, 228, 356, 612]
x_101: [37, 69, 97, 102, 103, 109, 117, 229, 357, 613]
x_102: [38, 70, 98, 101, 104, 110, 118, 230, 358, 614]
x_103: [39, 71, 99, 101, 104, 111, 119, 231, 359, 615]
x_104: [40, 72, 100, 102, 103, 112, 120, 232, 360, 616]
x_105: [41, 73, 97, 106, 107, 109, 121, 233, 361, 617]
x_106: [42, 74, 98, 105, 108, 110, 122, 234, 362, 618]
x_107: [43, 75, 99, 105, 108, 111, 123, 235, 363, 619]
x_108: [44, 76, 100, 106, 107, 112, 124, 236, 364, 620]
x_109: [45, 77, 101, 105, 110, 111, 125, 237, 365, 621]
x_110: [46, 78, 102, 106, 109, 112, 126, 238, 366, 622]
x_111: [47, 79, 103, 107, 109, 112, 127, 239, 367, 623]
x_112: [48, 80, 104, 108, 110, 111, 128, 240, 368, 624]
x_113: [49, 81, 97, 114, 115, 117, 121, 241, 369, 625]
x_114: [50, 82, 98, 113, 116, 118, 122, 242, 370, 626]
x_115: [51, 83, 99, 113, 116, 119, 123, 243, 371, 627]
x_116: [52, 84, 100, 114, 115, 120, 124, 244, 372, 628]
x_117: [53, 85, 101, 113, 118, 119, 125, 245, 373, 629]
x_118: [54, 86, 102, 114, 117, 120, 126, 246, 374, 630]
x_119: [55, 87, 103, 115, 117, 120, 127, 247, 375, 631]
x_120: [56, 88, 104, 116, 118, 119, 128, 248, 376, 632]
x_121: [57, 89, 105, 113, 122, 123, 125, 249, 377, 633]
x_122: [58, 90, 106, 114, 121, 124, 126, 250, 378, 634]
x_123: [59, 91, 107, 115, 121, 124, 127, 251, 379, 635]
x_124: [60, 92, 108, 116, 122, 123, 128, 252, 380, 636]
x_125: [61, 93, 109, 117, 121, 126, 127, 253, 381, 637]
x_126: [62, 94, 110, 118, 122, 125, 128, 254, 382, 638]
x_127: [63, 95, 111, 119, 123, 125, 128, 255, 383, 639]
x_128: [64, 96, 112, 120, 124, 126, 127, 256, 384, 640]
x_129: [1, 130, 131, 133, 137, 145, 161, 193, 385, 641]
x_130: [2, 129, 132, 134, 138, 146, 162, 194, 386, 642]
x_131: [3, 129, 132, 135, 139, 147, 163, 195, 387, 643]
x_132: [4, 130, 131, 136, 140, 148, 164, 196, 388, 644]
x_133: [5, 129, 134, 135, 141, 149, 165, 197, 389, 645]
x_134: [6, 130, 133, 136, 142, 150, 166, 198, 390, 646]
x_135: [7, 131, 133, 136, 143, 151, 167, 199, 391, 647]
x_136: [8, 132, 134, 135, 144, 152, 168, 200, 392, 648]
x_137: [9, 129, 138, 139, 141, 153, 169, 201, 393, 649]
x_138: [10, 130, 137, 140, 142, 154, 170, 202, 394, 650]
x_139: [11, 131, 137, 140, 143, 155, 171, 203, 395, 651]
x_140: [12, 132, 138, 139, 144, 156, 172, 204, 396, 652]
x_141: [13, 133, 137, 142, 143, 157, 173, 205, 397, 653]
x_142: [14, 134, 138, 141, 144, 158, 174, 206, 398, 654]
x_143: [15, 135, 139, 141, 144, 159, 175, 207, 399, 655]
x_144: [16, 136, 140, 142, 143, 160, 176, 208, 400, 656]
x_145: [17, 129, 146, 147, 149, 153, 177, 209, 401, 657]
x_146: [18, 130, 145, 148, 150, 154, 178, 210, 402, 658]
x_147: [19, 131, 145, 148, 151, 155, 179, 211, 403, 659]
x_148: [20, 132, 146, 147, 152, 156, 180, 212, 404, 660]
x_149: [21, 133, 145, 150, 151, 157, 181, 213, 405, 661]
x_150: [22, 134, 146, 149, 152, 158, 182, 214, 406, 662]
x_151: [23, 135, 147, 149, 152, 159, 183, 215, 407, 663]
x_152: [24, 136, 148, 150, 151, 160, 184, 216, 408, 664]
x_153: [25, 137, 145, 154, 155, 157, 185, 217, 409, 665]
x_154: [26, 138, 146, 153, 156, 158, 186, 218, 410, 666]
x_155: [27, 139, 147, 153, 156, 159, 187, 219, 411, 667]
x_156: [28, 140, 148, 154, 155, 160, 188, 220, 412, 668]
x_157: [29, 141, 149, 153, 158, 159, 189, 221, 413, 669]
x_158: [30, 142, 150, 154, 157, 160, 190, 222, 414, 670]
x_159: [31, 143, 151, 155, 157, 160, 191, 223, 415, 671]
x_160: [32, 144, 152, 156, 158, 159, 192, 224, 416, 672]
x_161: [33, 129, 162, 163, 165, 169, 177, 225, 417, 673]
x_162: [34, 130, 161, 164, 166, 170, 178, 226, 418, 674]
x_163: [35, 131, 161, 164, 167, 171, 179, 227, 419, 675]
x_164: [36, 132, 162, 163, 168, 172, 180, 228, 420, 676]
x_165: [37, 133, 161, 166, 167, 173, 181, 229, 421, 677]
x_166: [38, 134, 162, 165, 168, 174, 182, 230, 422, 678]
x_167: [39, 135, 163, 165, 168, 175, 183, 231, 423, 679]
x_168: [40, 136, 164, 166, 167, 176, 184, 232, 424, 680]
x_169: [41, 137, 161, 170, 171, 173, 185, 233, 425, 681]
x_170: [42, 138, 162, 169, 172, 174, 186, 234, 426, 682]
x_171: [43, 139, 163, 169, 172, 175, 187, 235, 427, 683]
x_172: [44, 140, 164, 170, 171, 176, 188, 236, 428, 684]
x_173: [45, 141, 165, 169, 174, 175, 189, 237, 429, 685]
x_174: [46, 142, 166, 170, 173, 176, 190, 238, 430, 686]
x_175: [47, 143, 167, 171, 173, 176, 191, 239, 431, 687]
x_176: [48, 144, 168, 172, 174, 175, 192, 240, 432, 688]
x_177: [49, 145, 161, 178, 179, 181, 185, 241, 433, 689]
x_178: [50, 146, 162, 177, 180, 182, 186, 242, 434, 690]
x_179: [51, 147, 163, 177, 180, 183, 187, 243, 435, 691]
x_180: [52, 148, 164, 178, 179, 184, 188, 244, 436, 692]
x_181: [53, 149, 165, 177, 182, 183, 189, 245, 437, 693]
x_182: [54, 150, 166, 178, 181, 184, 190, 246, 438, 694]
x_183: [55, 151, 167, 179, 181, 184, 191, 247, 439, 695]
x_184: [56, 152, 168, 180, 182, 183, 192, 248, 440, 696]
x_185: [57, 153, 169, 177, 186, 187, 189, 249, 441, 697]
x_186: [58, 154, 170, 178, 185, 188, 190, 250, 442, 698]
x_187: [59, 155, 171, 179, 185, 188, 191, 251, 443, 699]
x_188: [60, 156, 172, 180, 186, 187, 192, 252, 444, 700]
x_189: [61, 157, 173, 181, 185, 190, 191, 253, 445, 701]
x_190: [62, 158, 174, 182, 186, 189, 192, 254, 446, 702]
x_191: [63, 159, 175, 183, 187, 189, 192, 255, 447, 703]
x_192: [64, 160, 176, 184, 188, 190, 191, 256, 448, 704]
x_193: [65, 129, 194, 195, 197, 201, 209, 225, 449, 705]
x_194: [66, 130, 193, 196, 198, 202, 210, 226, 450, 706]
x_195: [67, 131, 193, 196, 199, 203, 211, 227, 451, 707]
x_196: [68, 132, 194, 195, 200, 204, 212, 228, 452, 708]
x_197: [69, 133, 193, 198, 199, 205, 213, 229, 453, 709]
x_198: [70, 134, 194, 197, 200, 206, 214, 230, 454, 710]
x_199: [71, 135, 195, 197, 200, 207, 215, 231, 455, 711]
x_200: [72, 136, 196, 198, 199, 208, 216, 232, 456, 712]
x_201: [73, 137, 193, 202, 203, 205, 217, 233, 457, 713]
x_202: [74, 138, 194, 201, 204, 206, 218, 234, 458, 714]
x_203: [75, 139, 195, 201, 204, 207, 219, 235, 459, 715]
x_204: [76, 140, 196, 202, 203, 208, 220, 236, 460, 716]
x_205: [77, 141, 197, 201, 206, 207, 221, 237, 461, 717]
x_206: [78, 142, 198, 202, 205, 208, 222, 238, 462, 718]
x_207: [79, 143, 199, 203, 205, 208, 223, 239, 463, 719]
x_208: [80, 144, 200, 204, 206, 207, 224, 240, 464, 720]
x_209: [81, 145, 193, 210, 211, 213, 217, 241, 465, 721]
x_210: [82, 146, 194, 209, 212, 214, 218, 242, 466, 722]
x_211: [83, 147, 195, 209, 212, 215, 219, 243, 467, 723]
x_212: [84, 148, 196, 210, 211, 216, 220, 244, 468, 724]
x_213: [85, 149, 197, 209, 214, 215, 221, 245, 469, 725]
x_214: [86, 150, 198, 210, 213, 216, 222, 246, 470, 726]
x_215: [87, 151, 199, 211, 213, 216, 223, 247, 471, 727]
x_216: [88, 152, 200, 212, 214, 215, 224, 248, 472, 728]
x_217: [89, 153, 201, 209, 218, 219, 221, 249, 473, 729]
x_218: [90, 154, 202, 210, 217, 220, 222, 250, 474, 730]
x_219: [91, 155, 203, 211, 217, 220, 223, 251, 475, 731]
x_220: [92, 156, 204, 212, 218, 219, 224, 252, 476, 732]
x_221: [93, 157, 205, 213, 217, 222, 223, 253, 477, 733]
x_222: [94, 158, 206, 214, 218, 221, 224, 254, 478, 734]
x_223: [95, 159, 207, 215, 219, 221, 224, 255, 479, 735]
x_224: [96, 160, 208, 216, 220, 222, 223, 256, 480, 736]
x_225: [97, 161, 193, 226, 227, 229, 233, 241, 481, 737]
x_226: [98, 162, 194, 225, 228, 230, 234, 242, 482, 738]
x_227: [99, 163, 195, 225, 228, 231, 235, 243, 483, 739]
x_228: [100, 164, 196, 226, 227, 232, 236, 244, 484, 740]
x_229: [101, 165, 197, 225, 230, 231, 237, 245, 485, 741]
x_230: [102, 166, 198, 226, 229, 232, 238, 246, 486, 742]
x_231: [103, 167, 199, 227, 229, 232, 239, 247, 487, 743]
x_232: [104, 168, 200, 228, 230, 231, 240, 248, 488, 744]
x_233: [105, 169, 201, 225, 234, 235, 237, 249, 489, 745]
x_234: [106, 170, 202, 226, 233, 236, 238, 250, 490, 746]
x_235: [107, 171, 203, 227, 233, 236, 239, 251, 491, 747]
x_236: [108, 172, 204, 228, 234, 235, 240, 252, 492, 748]
x_237: [109, 173, 205, 229, 233, 238, 239, 253, 493, 749]
x_238: [110, 174, 206, 230, 234, 237, 240, 254, 494, 750]
x_239: [111, 175, 207, 231, 235, 237, 240, 255, 495, 751]
x_240: [112, 176, 208, 232, 236, 238, 239, 256, 496, 752]
x_241: [113, 177, 209, 225, 242, 243, 245, 249, 497, 753]
x_242: [114, 178, 210, 226, 241, 244, 246, 250, 498, 754]
x_243: [115, 179, 211, 227, 241, 244, 247, 251, 499, 755]
x_244: [116, 180, 212, 228, 242, 243, 248, 252, 500, 756]
x_245: [117, 181, 213, 229, 241, 246, 247, 253, 501, 757]
x_246: [118, 182, 214, 230, 242, 245, 248, 254, 502, 758]
x_247: [119, 183, 215, 231, 243, 245, 248, 255, 503, 759]
x_248: [120, 184, 216, 232, 244, 246, 247, 256, 504, 760]
x_249: [121, 185, 217, 233, 241, 250, 251, 253, 505, 761]
x_250: [122, 186, 218, 234, 242, 249, 252, 254, 506, 762]
x_251: [123, 187, 219, 235, 243, 249, 252, 255, 507, 763]
x_252: [124, 188, 220, 236, 244, 250, 251, 256, 508, 764]
x_253: [125, 189, 221, 237, 245, 249, 254, 255, 509, 765]
x_254: [126, 190, 222, 238, 246, 250, 253, 256, 510, 766]
x_255: [127, 191, 223, 239, 247, 251, 253, 256, 511, 767]
x_256: [128, 192, 224, 240, 248, 252, 254, 255, 512, 768]
x_257: [1, 258, 259, 261, 265, 273, 289, 321, 385, 769]
x_258: [2, 257, 260, 262, 266, 274, 290, 322, 386, 770]
x_259: [3, 257, 260, 263, 267, 275, 291, 323, 387, 771]
x_260: [4, 258, 259, 264, 268, 276, 292, 324, 388, 772]
x_261: [5, 257, 262, 263, 269, 277, 293, 325, 389, 773]
x_262: [6, 258, 261, 264, 270, 278, 294, 326, 390, 774]
x_263: [7, 259, 261, 264, 271, 279, 295, 327, 391, 775]
x_264: [8, 260, 262, 263, 272, 280, 296, 328, 392, 776]
x_265: [9, 257, 266, 267, 269, 281, 297, 329, 393, 777]
x_266: [10, 258, 265, 268, 270, 282, 298, 330, 394, 778]
x_267: [11, 259, 265, 268, 271, 283, 299, 331, 395, 779]
x_268: [12, 260, 266, 267, 272, 284, 300, 332, 396, 780]
x_269: [13, 261, 265, 270, 271, 285, 301, 333, 397, 781]
x_270: [14, 262, 266, 269, 272, 286, 302, 334, 398, 782]
x_271: [15, 263, 267, 269, 272, 287, 303, 335, 399, 783]
x_272: [16, 264, 268, 270, 271, 288, 304, 336, 400, 784]
x_273: [17, 257, 274, 275, 277, 281, 305, 337, 401, 785]
x_274: [18, 258, 273, 276, 278, 282, 306, 338, 402, 786]
x_275: [19, 259, 273, 276, 279, 283, 307, 339, 403, 787]
x_276: [20, 260, 274, 275, 280, 284, 308, 340, 404, 788]
x_277: [21, 261, 273, 278, 279, 285, 309, 341, 405, 789]
x_278: [22, 262, 274, 277, 280, 286, 310, 342, 406, 790]
x_279: [23, 263, 275, 277, 280, 287, 311, 343, 407, 791]
x_280: [24, 264, 276, 278, 279, 288, 312, 344, 408, 792]
x_281: [25, 265, 273, 282, 283, 285, 313, 345, 409, 793]
x_282: [26, 266, 274, 281, 284, 286, 314, 346, 410, 794]
x_283: [27, 267, 275, 281, 284, 287, 315, 347, 411, 795]
x_284: [28, 268, 276, 282, 283, 288, 316, 348, 412, 796]
x_285: [29, 269, 277, 281, 286, 287, 317, 349, 413, 797]
x_286: [30, 270, 278, 282, 285, 288, 318, 350, 414, 798]
x_287: [31, 271, 279, 283, 285, 288, 319, 351, 415, 799]
x_288: [32, 272, 280, 284, 286, 287, 320, 352, 416, 800]
x_289: [33, 257, 290, 291, 293, 297, 305, 353, 417, 801]
x_290: [34, 258, 289, 292, 294, 298, 306, 354, 418, 802]
x_291: [35, 259, 289, 292, 295, 299, 307, 355, 419, 803]
x_292: [36, 260, 290, 291, 296, 300, 308, 356, 420, 804]
x_293: [37, 261, 289, 294, 295, 301, 309, 357, 421, 805]
x_294: [38, 262, 290, 293, 296, 302, 310, 358, 422, 806]
x_295: [39, 263, 291, 293, 296, 303, 311, 359, 423, 807]
x_296: [40, 264, 292, 294, 295, 304, 312, 360, 424, 808]
x_297: [41, 265, 289, 298, 299, 301, 313, 361, 425, 809]
x_298: [42, 266, 290, 297, 300, 302, 314, 362, 426, 810]
x_299: [43, 267, 291, 297, 300, 303, 315, 363, 427, 811]
x_300: [44, 268, 292, 298, 299, 304, 316, 364, 428, 812]
x_301: [45, 269, 293, 297, 302, 303, 317, 365, 429, 813]
x_302: [46, 270, 294, 298, 301, 304, 318, 366, 430, 814]
x_303: [47, 271, 295, 299, 301, 304, 319, 367, 431, 815]
x_304: [48, 272, 296, 300, 302, 303, 320, 368, 432, 816]
x_305: [49, 273, 289, 306, 307, 309, 313, 369, 433, 817]
x_306: [50, 274, 290, 305, 308, 310, 314, 370, 434, 818]
x_307: [51, 275, 291, 305, 308, 311, 315, 371, 435, 819]
x_308: [52, 276, 292, 306, 307, 312, 316, 372, 436, 820]
x_309: [53, 277, 293, 305, 310, 311, 317, 373, 437, 821]
x_310: [54, 278, 294, 306, 309, 312, 318, 374, 438, 822]
x_311: [55, 279, 295, 307, 309, 312, 319, 375, 439, 823]
x_312: [56, 280, 296, 308, 310, 311, 320, 376, 440, 824]
x_313: [57, 281, 297, 305, 314, 315, 317, 377, 441, 825]
x_314: [58, 282, 298, 306, 313, 316, 318, 378, 442, 826]
x_315: [59, 283, 299, 307, 313, 316, 319, 379, 443, 827]
x_316: [60, 284, 300, 308, 314, 315, 320, 380, 444, 828]
x_317: [61, 285, 301, 309, 313, 318, 319, 381, 445, 829]
x_318: [62, 286, 302, 310, 314, 317, 320, 382, 446, 830]
x_319: [63, 287, 303, 311, 315, 317, 320, 383, 447, 831]
x_320: [64, 288, 304, 312, 316, 318, 319, 384, 448, 832]
x_321: [65, 257, 322, 323, 325, 329, 337, 353, 449, 833]
x_322: [66, 258, 321, 324, 326, 330, 338, 354, 450, 834]
x_323: [67, 259, 321, 324, 327, 331, 339, 355, 451, 835]
x_324: [68, 260, 322, 323, 328, 332, 340, 356, 452, 836]
x_325: [69, 261, 321, 326, 327, 333, 341, 357, 453, 837]
x_326: [70, 262, 322, 325, 328, 334, 342, 358, 454, 838]
x_327: [71, 263, 323, 325, 328, 335, 343, 359, 455, 839]
x_328: [72, 264, 324, 326, 327, 336, 344, 360, 456, 840]
x_329: [73, 265, 321, 330, 331, 333, 345, 361, 457, 841]
x_330: [74, 266, 322, 329, 332, 334, 346, 362, 458, 842]
x_331: [75, 267, 323, 329, 332, 335, 347, 363, 459, 843]
x_332: [76, 268, 324, 330, 331, 336, 348, 364, 460, 844]
x_333: [77, 269, 325, 329, 334, 335, 349, 365, 461, 845]
x_334: [78, 270, 326, 330, 333, 336, 350, 366, 462, 846]
x_335: [79, 271, 327, 331, 333, 336, 351, 367, 463, 847]
x_336: [80, 272, 328, 332, 334, 335, 352, 368, 464, 848]
x_337: [81, 273, 321, 338, 339, 341, 345, 369, 465, 849]
x_338: [82, 274, 322, 337, 340, 342, 346, 370, 466, 850]
x_339: [83, 275, 323, 337, 340, 343, 347, 371, 467, 851]
x_340: [84, 276, 324, 338, 339, 344, 348, 372, 468, 852]
x_341: [85, 277, 325, 337, 342, 343, 349, 373, 469, 853]
x_342: [86, 278, 326, 338, 341, 344, 350, 374, 470, 854]
x_343: [87, 279, 327, 339, 341, 344, 351, 375, 471, 855]
x_344: [88, 280, 328, 340, 342, 343, 352, 376, 472, 856]
x_345: [89, 281, 329, 337, 346, 347, 349, 377, 473, 857]
x_346: [90, 282, 330, 338, 345, 348, 350, 378, 474, 858]
x_347: [91, 283, 331, 339, 345, 348, 351, 379, 475, 859]
x_348: [92, 284, 332, 340, 346, 347, 352, 380, 476, 860]
x_349: [93, 285, 333, 341, 345, 350, 351, 381, 477, 861]
x_350: [94, 286, 334, 342, 346, 349, 352, 382, 478, 862]
x_351: [95, 287, 335, 343, 347, 349, 352, 383, 479, 863]
x_352: [96, 288, 336, 344, 348, 350, 351, 384, 480, 864]
x_353: [97, 289, 321, 354, 355, 357, 361, 369, 481, 865]
x_354: [98, 290, 322, 353, 356, 358, 362, 370, 482, 866]
x_355: [99, 291, 323, 353, 356, 359, 363, 371, 483, 867]
x_356: [100, 292, 324, 354, 355, 360, 364, 372, 484, 868]
x_357: [101, 293, 325, 353, 358, 359, 365, 373, 485, 869]
x_358: [102, 294, 326, 354, 357, 360, 366, 374, 486, 870]
x_359: [103, 295, 327, 355, 357, 360, 367, 375, 487, 871]
x_360: [104, 296, 328, 356, 358, 359, 368, 376, 488, 872]
x_361: [105, 297, 329, 353, 362, 363, 365, 377, 489, 873]
x_362: [106, 298, 330, 354, 361, 364, 366, 378, 490, 874]
x_363: [107, 299, 331, 355, 361, 364, 367, 379, 491, 875]
x_364: [108, 300, 332, 356, 362, 363, 368, 380, 492, 876]
x_365: [109, 301, 333, 357, 361, 366, 367, 381, 493, 877]
x_366: [110, 302, 334, 358, 362, 365, 368, 382, 494, 878]
x_367: [111, 303, 335, 359, 363, 365, 368, 383, 495, 879]
x_368: [112, 304, 336, 360, 364, 366, 367, 384, 496, 880]
x_369: [113, 305, 337, 353, 370, 371, 373, 377, 497, 881]
x_370: [114, 306, 338, 354, 369, 372, 374, 378, 498, 882]
x_371: [115, 307, 339, 355, 369, 372, 375, 379, 499, 883]
x_372: [116, 308, 340, 356, 370, 371, 376, 380, 500, 884]
x_373: [117, 309, 341, 357, 369, 374, 375, 381, 501, 885]
x_374: [118, 310, 342, 358, 370, 373, 376, 382, 502, 886]
x_375: [119, 311, 343, 359, 371, 373, 376, 383, 503, 887]
x_376: [120, 312, 344, 360, 372, 374, 375, 384, 504, 888]
x_377: [121, 313, 345, 361, 369, 378, 379, 381, 505, 889]
x_378: [122, 314, 346, 362, 370, 377, 380, 382, 506, 890]
x_379: [123, 315, 347, 363, 371, 377, 380, 383, 507, 891]
x_380: [124, 316, 348, 364, 372, 378, 379, 384, 508, 892]
x_381: [125, 317, 349, 365, 373, 377, 382, 383, 509, 893]
x_382: [126, 318, 350, 366, 374, 378, 381, 384, 510, 894]
x_383: [127, 319, 351, 367, 375, 379, 381, 384, 511, 895]
x_384: [128, 320, 352, 368, 376, 380, 382, 383, 512, 896]
x_385: [129, 257, 386, 387, 389, 393, 401, 417, 449, 897]
x_386: [130, 258, 385, 388, 390, 394, 402, 418, 450, 898]
x_387: [131, 259, 385, 388, 391, 395, 403, 419, 451, 899]
x_388: [132, 260, 386, 387, 392, 396, 404, 420, 452, 900]
x_389: [133, 261, 385, 390, 391, 397, 405, 421, 453, 901]
x_390: [134, 262, 386, 389, 392, 398, 406, 422, 454, 902]
x_391: [135, 263, 387, 389, 392, 399, 407, 423, 455, 903]
x_392: [136, 264, 388, 390, 391, 400, 408, 424, 456, 904]
x_393: [137, 265, 385, 394, 395, 397, 409, 425, 457, 905]
x_394: [138, 266, 386, 393, 396, 398, 410, 426, 458, 906]
x_395: [139, 267, 387, 393, 396, 399, 411, 427, 459, 907]
x_396: [140, 268, 388, 394, 395, 400, 412, 428, 460, 908]
x_397: [141, 269, 389, 393, 398, 399, 413, 429, 461, 909]
x_398: [142, 270, 390, 394, 397, 400, 414, 430, 462, 910]
x_399: [143, 271, 391, 395, 397, 400, 415, 431, 463, 911]
x_400: [144, 272, 392, 396, 398, 399, 416, 432, 464, 912]
x_401: [145, 273, 385, 402, 403, 405, 409, 433, 465, 913]
x_402: [146, 274, 386, 401, 404, 406, 410, 434, 466, 914]
x_403: [147, 275, 387, 401, 404, 407, 411, 435, 467, 915]
x_404: [148, 276, 388, 402, 403, 408, 412, 436, 468, 916]
x_405: [149, 277, 389, 401, 406, 407, 413, 437, 469, 917]
x_406: [150, 278, 390, 402, 405, 408, 414, 438, 470, 918]
x_407: [151, 279, 391, 403, 405, 408, 415, 439, 471, 919]
x_408: [152, 280, 392, 404, 406, 407, 416, 440, 472, 920]
x_409: [153, 281, 393, 401, 410, 411, 413, 441, 473, 921]
x_410: [154, 282, 394, 402, 409, 412, 414, 442, 474, 922]
x_411: [155, 283, 395, 403, 409, 412, 415, 443, 475, 923]
x_412: [156, 284, 396, 404, 410, 411, 416, 444, 476, 924]
x_413: [157, 285, 397, 405, 409, 414, 415, 445, 477, 925]
x_414: [158, 286, 398, 406, 410, 413, 416, 446, 478, 926]
x_415: [159, 287, 399, 407, 411, 413, 416, 447, 479, 927]
x_416: [160, 288, 400, 408, 412, 414, 415, 448, 480, 928]
x_417: [161, 289, 385, 418, 419, 421, 425, 433, 481, 929]
x_418: [162, 290, 386, 417, 420, 422, 426, 434, 482, 930]
x_419: [163, 291, 387, 417, 420, 423, 427, 435, 483, 931]
x_420: [164, 292, 388, 418, 419, 424, 428, 436, 484, 932]
x_421: [165, 293, 389, 417, 422, 423, 429, 437, 485, 933]
x_422: [166, 294, 390, 418, 421, 424, 430, 438, 486, 934]
x_423: [167, 295, 391, 419, 421, 424, 431, 439, 487, 935]
x_424: [168, 296, 392, 420, 422, 423, 432, 440, 488, 936]
x_425: [169, 297, 393, 417, 426, 427, 429, 441, 489, 937]
x_426: [170, 298, 394, 418, 425, 428, 430, 442, 490, 938]
x_427: [171, 299, 395, 419, 425, 428, 431, 443, 491, 939]
x_428: [172, 300, 396, 420, 426, 427, 432, 444, 492, 940]
x_429: [173, 301, 397, 421, 425, 430, 431, 445, 493, 941]
x_430: [174, 302, 398, 422, 426, 429, 432, 446, 494, 942]
x_431: [175, 303, 399, 423, 427, 429, 432, 447, 495, 943]
x_432: [176, 304, 400, 424, 428, 430, 431, 448, 496, 944]
x_433: [177, 305, 401, 417, 434, 435, 437, 441, 497, 945]
x_434: [178, 306, 402, 418, 433, 436, 438, 442, 498, 946]
x_435: [179, 307, 403, 419, 433, 436, 439, 443, 499, 947]
x_436: [180, 308, 404, 420, 434, 435, 440, 444, 500, 948]
x_437: [181, 309, 405, 421, 433, 438, 439, 445, 501, 949]
x_438: [182, 310, 406, 422, 434, 437, 440, 446, 502, 950]
x_439: [183, 311, 407, 423, 435, 437, 440, 447, 503, 951]
x_440: [184, 312, 408, 424, 436, 438, 439, 448, 504, 952]
x_441: [185, 313, 409, 425, 433, 442, 443, 445, 505, 953]
x_442: [186, 314, 410, 426, 434, 441, 444, 446, 506, 954]
x_443: [187, 315, 411, 427, 435, 441, 444, 447, 507, 955]
x_444: [188, 316, 412, 428, 436, 442, 443, 448, 508, 956]
x_445: [189, 317, 413, 429, 437, 441, 446, 447, 509, 957]
x_446: [190, 318, 414, 430, 438, 442, 445, 448, 510, 958]
x_447: [191, 319, 415, 431, 439, 443, 445, 448, 511, 959]
x_448: [192, 320, 416, 432, 440, 444, 446, 447, 512, 960]
x_449: [193, 321, 385, 450, 451, 453, 457, 465, 481, 961]
x_450: [194, 322, 386, 449, 452, 454, 458, 466, 482, 962]
x_451: [195, 323, 387, 449, 452, 455, 459, 467, 483, 963]
x_452: [196, 324, 388, 450, 451, 456, 460, 468, 484, 964]
x_453: [197, 325, 389, 449, 454, 455, 461, 469, 485, 965]
x_454: [198, 326, 390, 450, 453, 456, 462, 470, 486, 966]
x_455: [199, 327, 391, 451, 453, 456, 463, 471, 487, 967]
x_456: [200, 328, 392, 452, 454, 455, 464, 472, 488, 968]
x_457: [201, 329, 393, 449, 458, 459, 461, 473, 489, 969]
x_458: [202, 330, 394, 450, 457, 460, 462, 474, 490, 970]
x_459: [203, 331, 395, 451, 457, 460, 463, 475, 491, 971]
x_460: [204, 332, 396, 452, 458, 459, 464, 476, 492, 972]
x_461: [205, 333, 397, 453, 457, 462, 463, 477, 493, 973]
x_462: [206, 334, 398, 454, 458, 461, 464, 478, 494, 974]
x_463: [207, 335, 399, 455, 459, 461, 464, 479, 495, 975]
x_464: [208, 336, 400, 456, 460, 462, 463, 480, 496, 976]
x_465: [209, 337, 401, 449, 466, 467, 469, 473, 497, 977]
x_466: [210, 338, 402, 450, 465, 468, 470, 474, 498, 978]
x_467: [211, 339, 403, 451, 465, 468, 471, 475, 499, 979]
x_468: [212, 340, 404, 452, 466, 467, 472, 476, 500, 980]
x_469: [213, 341, 405, 453, 465, 470, 471, 477, 501, 981]
x_470: [214, 342, 406, 454, 466, 469, 472, 478, 502, 982]
x_471: [215, 343, 407, 455, 467, 469, 472, 479, 503, 983]
x_472: [216, 344, 408, 456, 468, 470, 471, 480, 504, 984]
x_473: [217, 345, 409, 457, 465, 474, 475, 477, 505, 985]
x_474: [218, 346, 410, 458, 466, 473, 476, 478, 506, 986]
x_475: [219, 347, 411, 459, 467, 473, 476, 479, 507, 987]
x_476: [220, 348, 412, 460, 468, 474, 475, 480, 508, 988]
x_477: [221, 349, 413, 461, 469, 473, 478, 479, 509, 989]
x_478: [222, 350, 414, 462, 470, 474, 477, 480, 510, 990]
x_479: [223, 351, 415, 463, 471, 475, 477, 480, 511, 991]
x_480: [224, 352, 416, 464, 472, 476, 478, 479, 512, 992]
x_481: [225, 353, 417, 449, 482, 483, 485, 489, 497, 993]
x_482: [226, 354, 418, 450, 481, 484, 486, 490, 498, 994]
x_483: [227, 355, 419, 451, 481, 484, 487, 491, 499, 995]
x_484: [228, 356, 420, 452, 482, 483, 488, 492, 500, 996]
x_485: [229, 357, 421, 453, 481, 486, 487, 493, 501, 997]
x_486: [230, 358, 422, 454, 482, 485, 488, 494, 502, 998]
x_487: [231, 359, 423, 455, 483, 485, 488, 495, 503, 999]
x_488: [232, 360, 424, 456, 484, 486, 487, 496, 504, 1000]
x_489: [233, 361, 425, 457, 481, 490, 491, 493, 505, 1001]
x_490: [234, 362, 426, 458, 482, 489, 492, 494, 506, 1002]
x_491: [235, 363, 427, 459, 483, 489, 492, 495, 507, 1003]
x_492: [236, 364, 428, 460, 484, 490, 491, 496, 508, 1004]
x_493: [237, 365, 429, 461, 485, 489, 494, 495, 509, 1005]
x_494: [238, 366, 430, 462, 486, 490, 493, 496, 510, 1006]
x_495: [239, 367, 431, 463, 487, 491, 493, 496, 511, 1007]
x_496: [240, 368, 432, 464, 488, 492, 494, 495, 512, 1008]
x_497: [241, 369, 433, 465, 481, 498, 499, 501, 505, 1009]
x_498: [242, 370, 434, 466, 482, 497, 500, 502, 506, 1010]
x_499: [243, 371, 435, 467, 483, 497, 500, 503, 507, 1011]
x_500: [244, 372, 436, 468, 484, 498, 499, 504, 508, 1012]
x_501: [245, 373, 437, 469, 485, 497, 502, 503, 509, 1013]
x_502: [246, 374, 438, 470, 486, 498, 501, 504, 510, 1014]
x_503: [247, 375, 439, 471, 487, 499, 501, 504, 511, 1015]
x_504: [248, 376, 440, 472, 488, 500, 502, 503, 512, 1016]
x_505: [249, 377, 441, 473, 489, 497, 506, 507, 509, 1017]
x_506: [250, 378, 442, 474, 490, 498, 505, 508, 510, 1018]
x_507: [251, 379, 443, 475, 491, 499, 505, 508, 511, 1019]
x_508: [252, 380, 444, 476, 492, 500, 506, 507, 512, 1020]
x_509: [253, 381, 445, 477, 493, 501, 505, 510, 511, 1021]
x_510: [254, 382, 446, 478, 494, 502, 506, 509, 512, 1022]
x_511: [255, 383, 447, 479, 495, 503, 507, 509, 512, 1023]
x_512: [256, 384, 448, 480, 496, 504, 508, 510, 511, 1024]
x_513: [1, 514, 515, 517, 521, 529, 545, 577, 641, 769]
x_514: [2, 513, 516, 518, 522, 530, 546, 578, 642, 770]
x_515: [3, 513, 516, 519, 523, 531, 547, 579, 643, 771]
x_516: [4, 514, 515, 520, 524, 532, 548, 580, 644, 772]
x_517: [5, 513, 518, 519, 525, 533, 549, 581, 645, 773]
x_518: [6, 514, 517, 520, 526, 534, 550, 582, 646, 774]
x_519: [7, 515, 517, 520, 527, 535, 551, 583, 647, 775]
x_520: [8, 516, 518, 519, 528, 536, 552, 584, 648, 776]
x_521: [9, 513, 522, 523, 525, 537, 553, 585, 649, 777]
x_522: [10, 514, 521, 524, 526, 538, 554, 586, 650, 778]
x_523: [11, 515, 521, 524, 527, 539, 555, 587, 651, 779]
x_524: [12, 516, 522, 523, 528, 540, 556, 588, 652, 780]
x_525: [13, 517, 521, 526, 527, 541, 557, 589, 653, 781]
x_526: [14, 518, 522, 525, 528, 542, 558, 590, 654, 782]
x_527: [15, 519, 523, 525, 528, 543, 559, 591, 655, 783]
x_528: [16, 520, 524, 526, 527, 544, 560, 592, 656, 784]
x_529: [17, 513, 530, 531, 533, 537, 561, 593, 657, 785]
x_530: [18, 514, 529, 532, 534, 538, 562, 594, 658, 786]
x_531: [19, 515, 529, 532, 535, 539, 563, 595, 659, 787]
x_532: [20, 516, 530, 531, 536, 540, 564, 596, 660, 788]
x_533: [21, 517, 529, 534, 535, 541, 565, 597, 661, 789]
x_534: [22, 518, 530, 533, 536, 542, 566, 598, 662, 790]
x_535: [23, 519, 531, 533, 536, 543, 567, 599, 663, 791]
x_536: [24, 520, 532, 534, 535, 544, 568, 600, 664, 792]
x_537: [25, 521, 529, 538, 539, 541, 569, 601, 665, 793]
x_538: [26, 522, 530, 537, 540, 542, 570, 602, 666, 794]
x_539: [27, 523, 531, 537, 540, 543, 571, 603, 667, 795]
x_540: [28, 524, 532, 538, 539, 544, 572, 604, 668, 796]
x_541: [29, 525, 533, 537, 542, 543, 573, 605, 669, 797]
x_542: [30, 526, 534, 538, 541, 544, 574, 606, 670, 798]
x_543: [31, 527, 535, 539, 541, 544, 575, 607, 671, 799]
x_544: [32, 528, 536, 540, 542, 543, 576, 608, 672, 800]
x_545: [33, 513, 546, 547, 549, 553, 561, 609, 673, 801]
x_546: [34, 514, 545, 548, 550, 554, 562, 610, 674, 802]
x_547: [35, 515, 545, 548, 551, 555, 563, 611, 675, 803]
x_548: [36, 516, 546, 547, 552, 556, 564, 612, 676, 804]
x_549: [37, 517, 545, 550, 551, 557, 565, 613, 677, 805]
x_550: [38, 518, 546, 549, 552, 558, 566, 614, 678, 806]
x_551: [39, 519, 547, 549, 552, 559, 567, 615, 679, 807]
x_552: [40, 520, 548, 550, 551, 560, 568, 616, 680, 808]
x_553: [41, 521, 545, 554, 555, 557, 569, 617, 681, 809]
x_554: [42, 522, 546, 553, 556, 558, 570, 618, 682, 810]
x_555: [43, 523, 547, 553, 556, 559, 571, 619, 683, 811]
x_556: [44, 524, 548, 554, 555, 560, 572, 620, 684, 812]
x_557: [45, 525, 549, 553, 558, 559, 573, 621, 685, 813]
x_558: [46, 526, 550, 554, 557, 560, 574, 622, 686, 814]
x_559: [47, 527, 551, 555, 557, 560, 575, 623, 687, 815]
x_560: [48, 528, 552, 556, 558, 559, 576, 624, 688, 816]
x_561: [49, 529, 545, 562, 563, 565, 569, 625, 689, 817]
x_562: [50, 530, 546, 561, 564, 566, 570, 626, 690, 818]
x_563: [51, 531, 547, 561, 564, 567, 571, 627, 691, 819]
x_564: [52, 532, 548, 562, 563, 568, 572, 628, 692, 820]
x_565: [53, 533, 549, 561, 566, 567, 573, 629, 693, 821]
x_566: [54, 534, 550, 562, 565, 568, 574, 630, 694, 822]
x_567: [55, 535, 551, 563, 565, 568, 575, 631, 695, 823]
x_568: [56, 536, 552, 564, 566, 567, 576, 632, 696, 824]
x_569: [57, 537, 553, 561, 570, 571, 573, 633, 697, 825]
x_570: [58, 538, 554, 562, 569, 572, 574, 634, 698, 826]
x_571: [59, 539, 555, 563, 569, 572, 575, 635, 699, 827]
x_572: [60, 540, 556, 564, 570, 571, 576, 636, 700, 828]
x_573: [61, 541, 557, 565, 569, 574, 575, 637, 701, 829]
x_574: [62, 542, 558, 566, 570, 573, 576, 638, 702, 830]
x_575: [63, 543, 559, 567, 571, 573, 576, 639, 703, 831]
x_576: [64, 544, 560, 568, 572, 574, 575, 640, 704, 832]
x_577: [65, 513, 578, 579, 581, 585, 593, 609, 705, 833]
x_578: [66, 514, 577, 580, 582, 586, 594, 610, 706, 834]
x_579: [67, 515, 577, 580, 583, 587, 595, 611, 707, 835]
x_580: [68, 516, 578, 579, 584, 588, 596, 612, 708, 836]
x_581: [69, 517, 577, 582, 583, 589, 597, 613, 709, 837]
x_582: [70, 518, 578, 581, 584, 590, 598, 614, 710, 838]
x_583: [71, 519, 579, 581, 584, 591, 599, 615, 711, 839]
x_584: [72, 520, 580, 582, 583, 592, 600, 616, 712, 840]
x_585: [73, 521, 577, 586, 587, 589, 601, 617, 713, 841]
x_586: [74, 522, 578, 585, 588, 590, 602, 618, 714, 842]
x_587: [75, 523, 579, 585, 588, 591, 603, 619, 715, 843]
x_588: [76, 524, 580, 586, 587, 592, 604, 620, 716, 844]
x_589: [77, 525, 581, 585, 590, 591, 605, 621, 717, 845]
x_590: [78, 526, 582, 586, 589, 592, 606, 622, 718, 846]
x_591: [79, 527, 583, 587, 589, 592, 607, 623, 719, 847]
x_592: [80, 528, 584, 588, 590, 591, 608, 624, 720, 848]
x_593: [81, 529, 577, 594, 595, 597, 601, 625, 721, 849]
x_594: [82, 530, 578, 593, 596, 598, 602, 626, 722, 850]
x_595: [83, 531, 579, 593, 596, 599, 603, 627, 723, 851]
x_596: [84, 532, 580, 594, 595, 600, 604, 628, 724, 852]
x_597: [85, 533, 581, 593, 598, 599, 605, 629, 725, 853]
x_598: [86, 534, 582, 594, 597, 600, 606, 630, 726, 854]
x_599: [87, 535, 583, 595, 597, 600, 607, 631, 727, 855]
x_600: [88, 536, 584, 596, 598, 599, 608, 632, 728, 856]
x_601: [89, 537, 585, 593, 602, 603, 605, 633, 729, 857]
x_602: [90, 538, 586, 594, 601, 604, 606, 634, 730, 858]
x_603: [91, 539, 587, 595, 601, 604, 607, 635, 731, 859]
x_604: [92, 540, 588, 596, 602, 603, 608, 636, 732, 860]
x_605: [93, 541, 589, 597, 601, 606, 607, 637, 733, 861]
x_606: [94, 542, 590, 598, 602, 605, 608, 638, 734, 862]
x_607: [95, 543, 591, 599, 603, 605, 608, 639, 735, 863]
x_608: [96, 544, 592, 600, 604, 606, 607, 640, 736, 864]
x_609: [97, 545, 577, 610, 611, 613, 617, 625, 737, 865]
x_610: [98, 546, 578, 609, 612, 614, 618, 626, 738, 866]
x_611: [99, 547, 579, 609, 612, 615, 619, 627, 739, 867]
x_612: [100, 548, 580, 610, 611, 616, 620, 628, 740, 868]
x_613: [101, 549, 581, 609, 614, 615, 621, 629, 741, 869]
x_614: [102, 550, 582, 610, 613, 616, 622, 630, 742, 870]
x_615: [103, 551, 583, 611, 613, 616, 623, 631, 743, 871]
x_616: [104, 552, 584, 612, 614, 615, 624, 632, 744, 872]
x_617: [105, 553, 585, 609, 618, 619, 621, 633, 745, 873]
x_618: [106, 554, 586, 610, 617, 620, 622, 634, 746, 874]
x_619: [107, 555, 587, 611, 617, 620, 623, 635, 747, 875]
x_620: [108, 556, 588, 612, 618, 619, 624, 636, 748, 876]
x_621: [109, 557, 589, 613, 617, 622, 623, 637, 749, 877]
x_622: [110, 558, 590, 614, 618, 621, 624, 638, 750, 878]
x_623: [111, 559, 591, 615, 619, 621, 624, 639, 751, 879]
x_624: [112, 560, 592, 616, 620, 622, 623, 640, 752, 880]
x_625: [113, 561, 593, 609, 626, 627, 629, 633, 753, 881]
x_626: [114, 562, 594, 610, 625, 628, 630, 634, 754, 882]
x_627: [115, 563, 595, 611, 625, 628, 631, 635, 755, 883]
x_628: [116, 564, 596, 612, 626, 627, 632, 636, 756, 884]
x_629: [117, 565, 597, 613, 625, 630, 631, 637, 757, 885]
x_630: [118, 566, 598, 614, 626, 629, 632, 638, 758, 886]
x_631: [119, 567, 599, 615, 627, 629, 632, 639, 759, 887]
x_632: [120, 568, 600, 616, 628, 630, 631, 640, 760, 888]
x_633: [121, 569, 601, 617, 625, 634, 635, 637, 761, 889]
x_634: [122, 570, 602, 618, 626, 633, 636, 638, 762, 890]
x_635: [123, 571, 603, 619, 627, 633, 636, 639, 763, 891]
x_636: [124, 572, 604, 620, 628, 634, 635, 640, 764, 892]
x_637: [125, 573, 605, 621, 629, 633, 638, 639, 765, 893]
x_638: [126, 574, 606, 622, 630, 634, 637, 640, 766, 894]
x_639: [127, 575, 607, 623, 631, 635, 637, 640, 767, 895]
x_640: [128, 576, 608, 624, 632, 636, 638, 639, 768, 896]
x_641: [129, 513, 642, 643, 645, 649, 657, 673, 705, 897]
x_642: [130, 514, 641, 644, 646, 650, 658, 674, 706, 898]
x_643: [131, 515, 641, 644, 647, 651, 659, 675, 707, 899]
x_644: [132, 516, 642, 643, 648, 652, 660, 676, 708, 900]
x_645: [133, 517, 641, 646, 647, 653, 661, 677, 709, 901]
x_646: [134, 518, 642, 645, 648, 654, 662, 678, 710, 902]
x_647: [135, 519, 643, 645, 648, 655, 663, 679, 711, 903]
x_648: [136, 520, 644, 646, 647, 656, 664, 680, 712, 904]
x_649: [137, 521, 641, 650, 651, 653, 665, 681, 713, 905]
x_650: [138, 522, 642, 649, 652, 654, 666, 682, 714, 906]
x_651: [139, 523, 643, 649, 652, 655, 667, 683, 715, 907]
x_652: [140, 524, 644, 650, 651, 656, 668, 684, 716, 908]
x_653: [141, 525, 645, 649, 654, 655, 669, 685, 717, 909]
x_654: [142, 526, 646, 650, 653, 656, 670, 686, 718, 910]
x_655: [143, 527, 647, 651, 653, 656, 671, 687, 719, 911]
x_656: [144, 528, 648, 652, 654, 655, 672, 688, 720, 912]
x_657: [145, 529, 641, 658, 659, 661, 665, 689, 721, 913]
x_658: [146, 530, 642, 657, 660, 662, 666, 690, 722, 914]
x_659: [147, 531, 643, 657, 660, 663, 667, 691, 723, 915]
x_660: [148, 532, 644, 658, 659, 664, 668, 692, 724, 916]
x_661: [149, 533, 645, 657, 662, 663, 669, 693, 725, 917]
x_662: [150, 534, 646, 658, 661, 664, 670, 694, 726, 918]
x_663: [151, 535, 647, 659, 661, 664, 671, 695, 727, 919]
x_664: [152, 536, 648, 660, 662, 663, 672, 696, 728, 920]
x_665: [153, 537, 649, 657, 666, 667, 669, 697, 729, 921]
x_666: [154, 538, 650, 658, 665, 668, 670, 698, 730, 922]
x_667: [155, 539, 651, 659, 665, 668, 671, 699, 731, 923]
x_668: [156, 540, 652, 660, 666, 667, 672, 700, 732, 924]
x_669: [157, 541, 653, 661, 665, 670, 671, 701, 733, 925]
x_670: [158, 542, 654, 662, 666, 669, 672, 702, 734, 926]
x_671: [159, 543, 655, 663, 667, 669, 672, 703, 735, 927]
x_672: [160, 544, 656, 664, 668, 670, 671, 704, 736, 928]
x_673: [161, 545, 641, 674, 675, 677, 681, 689, 737, 929]
x_674: [162, 546, 642, 673, 676, 678, 682, 690, 738, 930]
x_675: [163, 547, 643, 673, 676, 679, 683, 691, 739, 931]
x_676: [164, 548, 644, 674, 675, 680, 684, 692, 740, 932]
x_677: [165, 549, 645, 673, 678, 679, 685, 693, 741, 933]
x_678: [166, 550, 646, 674, 677, 680, 686, 694, 742, 934]
x_679: [167, 551, 647, 675, 677, 680, 687, 695, 743, 935]
x_680: [168, 552, 648, 676, 678, 679, 688, 696, 744, 936]
x_681: [169, 553, 649, 673, 682, 683, 685, 697, 745, 937]
x_682: [170, 554, 650, 674, 681, 684, 686, 698, 746, 938]
x_683: [171, 555, 651, 675, 681, 684, 687, 699, 747, 939]
x_684: [172, 556, 652, 676, 682, 683, 688, 700, 748, 940]
x_685: [173, 557, 653, 677, 681, 686, 687, 701, 749, 941]
x_686: [174, 558, 654, 678, 682, 685, 688, 702, 750, 942]
x_687: [175, 559, 655, 679, 683, 685, 688, 703, 751, 943]
x_688: [176, 560, 656, 680, 684, 686, 687, 704, 752, 944]
x_689: [177, 561, 657, 673, 690, 691, 693, 697, 753, 945]
x_690: [178, 562, 658, 674, 689, 692, 694, 698, 754, 946]
x_691: [179, 563, 659, 675, 689, 692, 695, 699, 755, 947]
x_692: [180, 564, 660, 676, 690, 691, 696, 700, 756, 948]
x_693: [181, 565, 661, 677, 689, 694, 695, 701, 757, 949]
x_694: [182, 566, 662, 678, 690, 693, 696, 702, 758, 950]
x_695: [183, 567, 663, 679, 691, 693, 696, 703, 759, 951]
x_696: [184, 568, 664, 680, 692, 694, 695, 704, 760, 952]
x_697: [185, 569, 665, 681, 689, 698, 699, 701, 761, 953]
x_698: [186, 570, 666, 682, 690, 697, 700, 702, 762, 954]
x_699: [187, 571, 667, 683, 691, 697, 700, 703, 763, 955]
x_700: [188, 572, 668, 684, 692, 698, 699, 704, 764, 956]
x_701: [189, 573, 669, 685, 693, 697, 702, 703, 765, 957]
x_702: [190, 574, 670, 686, 694, 698, 701, 704, 766, 958]
x_703: [191, 575, 671, 687, 695, 699, 701, 704, 767, 959]
x_704: [192, 576, 672, 688, 696, 700, 702, 703, 768, 960]
x_705: [193, 577, 641, 706, 707, 709, 713, 721, 737, 961]
x_706: [194, 578, 642, 705, 708, 710, 714, 722, 738, 962]
x_707: [195, 579, 643, 705, 708, 711, 715, 723, 739, 963]
x_708: [196, 580, 644, 706, 707, 712, 716, 724, 740, 964]
x_709: [197, 581, 645, 705, 710, 711, 717, 725, 741, 965]
x_710: [198, 582, 646, 706, 709, 712, 718, 726, 742, 966]
x_711: [199, 583, 647, 707, 709, 712, 719, 727, 743, 967]
x_712: [200, 584, 648, 708, 710, 711, 720, 728, 744, 968]
x_713: [201, 585, 649, 705, 714, 715, 717, 729, 745, 969]
x_714: [202, 586, 650, 706, 713, 716, 718, 730, 746, 970]
x_715: [203, 587, 651, 707, 713, 716, 719, 731, 747, 971]
x_716: [204, 588, 652, 708, 714, 715, 720, 732, 748, 972]
x_717: [205, 589, 653, 709, 713, 718, 719, 733, 749, 973]
x_718: [206, 590, 654, 710, 714, 717, 720, 734, 750, 974]
x_719: [207, 591, 655, 711, 715, 717, 720, 735, 751, 975]
x_720: [208, 592, 656, 712, 716, 718, 719, 736, 752, 976]
x_721: [209, 593, 657, 705, 722, 723, 725, 729, 753, 977]
x_722: [210, 594, 658, 706, 721, 724, 726, 730, 754, 978]
x_723: [211, 595, 659, 707, 721, 724, 727, 731, 755, 979]
x_724: [212, 596, 660, 708, 722, 723, 728, 732, 756, 980]
x_725: [213, 597, 661, 709, 721, 726, 727, 733, 757, 981]
x_726: [214, 598, 662, 710, 722, 725, 728, 734, 758, 982]
x_727: [215, 599, 663, 711, 723, 725, 728, 735, 759, 983]
x_728: [216, 600, 664, 712, 724, 726, 727, 736, 760, 984]
x_729: [217, 601, 665, 713, 721, 730, 731, 733, 761, 985]
x_730: [218, 602, 666, 714, 722, 729, 732, 734, 762, 986]
x_731: [219, 603, 667, 715, 723, 729, 732, 735, 763, 987]
x_732: [220, 604, 668, 716, 724, 730, 731, 736, 764, 988]
x_733: [221, 605, 669, 717, 725, 729, 734, 735, 765, 989]
x_734: [222, 606, 670, 718, 726, 730, 733, 736, 766, 990]
x_735: [223, 607, 671, 719, 727, 731, 733, 736, 767, 991]
x_736: [224, 608, 672, 720, 728, 732, 734, 735, 768, 992]
x_737: [225, 609, 673, 705, 738, 739, 741, 745, 753, 993]
x_738: [226, 610, 674, 706, 737, 740, 742, 746, 754, 994]
x_739: [227, 611, 675, 707, 737, 740, 743, 747, 755, 995]
x_740: [228, 612, 676, 708, 738, 739, 744, 748, 756, 996]
x_741: [229, 613, 677, 709, 737, 742, 743, 749, 757, 997]
x_742: [230, 614, 678, 710, 738, 741, 744, 750, 758, 998]
x_743: [231, 615, 679, 711, 739, 741, 744, 751, 759, 999]
x_744: [232, 616, 680, 712, 740, 742, 743, 752, 760, 1000]
x_745: [233, 617, 681, 713, 737, 746, 747, 749, 761, 1001]
x_746: [234, 618, 682, 714, 738, 745, 748, 750, 762, 1002]
x_747: [235, 619, 683, 715, 739, 745, 748, 751, 763, 1003]
x_748: [236, 620, 684, 716, 740, 746, 747, 752, 764, 1004]
x_749: [237, 621, 685, 717, 741, 745, 750, 751, 765, 1005]
x_750: [238, 622, 686, 718, 742, 746, 749, 752, 766, 1006]
x_751: [239, 623, 687, 719, 743, 747, 749, 752, 767, 1007]
x_752: [240, 624, 688, 720, 744, 748, 750, 751, 768, 1008]
x_753: [241, 625, 689, 721, 737, 754, 755, 757, 761, 1009]
x_754: [242, 626, 690, 722, 738, 753, 756, 758, 762, 1010]
x_755: [243, 627, 691, 723, 739, 753, 756, 759, 763, 1011]
x_756: [244, 628, 692, 724, 740, 754, 755, 760, 764, 1012]
x_757: [245, 629, 693, 725, 741, 753, 758, 759, 765, 1013]
x_758: [246, 630, 694, 726, 742, 754, 757, 760, 766, 1014]
x_759: [247, 631, 695, 727, 743, 755, 757, 760, 767, 1015]
x_760: [248, 632, 696, 728, 744, 756, 758, 759, 768, 1016]
x_761: [249, 633, 697, 729, 745, 753, 762, 763, 765, 1017]
x_762: [250, 634, 698, 730, 746, 754, 761, 764, 766, 1018]
x_763: [251, 635, 699, 731, 747, 755, 761, 764, 767, 1019]
x_764: [252, 636, 700, 732, 748, 756, 762, 763, 768, 1020]
x_765: [253, 637, 701, 733, 749, 757, 761, 766, 767, 1021]
x_766: [254, 638, 702, 734, 750, 758, 762, 765, 768, 1022]
x_767: [255, 639, 703, 735, 751, 759, 763, 765, 768, 1023]
x_768: [256, 640, 704, 736, 752, 760, 764, 766, 767, 1024]
x_769: [257, 513, 770, 771, 773, 777, 785, 801, 833, 897]
x_770: [258, 514, 769, 772, 774, 778, 786, 802, 834, 898]
x_771: [259, 515, 769, 772, 775, 779, 787, 803, 835, 899]
x_772: [260, 516, 770, 771, 776, 780, 788, 804, 836, 900]
x_773: [261, 517, 769, 774, 775, 781, 789, 805, 837, 901]
x_774: [262, 518, 770, 773, 776, 782, 790, 806, 838, 902]
x_775: [263, 519, 771, 773, 776, 783, 791, 807, 839, 903]
x_776: [264, 520, 772, 774, 775, 784, 792, 808, 840, 904]
x_777: [265, 521, 769, 778, 779, 781, 793, 809, 841, 905]
x_778: [266, 522, 770, 777, 780, 782, 794, 810, 842, 906]
x_779: [267, 523, 771, 777, 780, 783, 795, 811, 843, 907]
x_780: [268, 524, 772, 778, 779, 784, 796, 812, 844, 908]
x_781: [269, 525, 773, 777, 782, 783, 797, 813, 845, 909]
x_782: [270, 526, 774, 778, 781, 784, 798, 814, 846, 910]
x_783: [271, 527, 775, 779, 781, 784, 799, 815, 847, 911]
x_784: [272, 528, 776, 780, 782, 783, 800, 816, 848, 912]
x_785: [273, 529, 769, 786, 787, 789, 793, 817, 849, 913]
x_786: [274, 530, 770, 785, 788, 790, 794, 818, 850, 914]
x_787: [275, 531, 771, 785, 788, 791, 795, 819, 851, 915]
x_788: [276, 532, 772, 786, 787, 792, 796, 820, 852, 916]
x_789: [277, 533, 773, 785, 790, 791, 797, 821, 853, 917]
x_790: [278, 534, 774, 786, 789, 792, 798, 822, 854, 918]
x_791: [279, 535, 775, 787, 789, 792, 799, 823, 855, 919]
x_792: [280, 536, 776, 788, 790, 791, 800, 824, 856, 920]
x_793: [281, 537, 777, 785, 794, 795, 797, 825, 857, 921]
x_794: [282, 538, 778, 786, 793, 796, 798, 826, 858, 922]
x_795: [283, 539, 779, 787, 793, 796, 799, 827, 859, 923]
x_796: [284, 540, 780, 788, 794, 795, 800, 828, 860, 924]
x_797: [285, 541, 781, 789, 793, 798, 799, 829, 861, 925]
x_798: [286, 542, 782, 790, 794, 797, 800, 830, 862, 926]
x_799: [287, 543, 783, 791, 795, 797, 800, 831, 863, 927]
x_800: [288, 544, 784, 792, 796, 798, 799, 832, 864, 928]
x_801: [289, 545, 769, 802, 803, 805, 809, 817, 865, 929]
x_802: [290, 546, 770, 801, 804, 806, 810, 818, 866, 930]
x_803: [291, 547, 771, 801, 804, 807, 811, 819, 867, 931]
x_804: [292, 548, 772, 802, 803, 808, 812, 820, 868, 932]
x_805: [293, 549, 773, 801, 806, 807, 813, 821, 869, 933]
x_806: [294, 550, 774, 802, 805, 808, 814, 822, 870, 934]
x_807: [295, 551, 775, 803, 805, 808, 815, 823, 871, 935]
x_808: [296, 552, 776, 804, 806, 807, 816, 824, 872, 936]
x_809: [297, 553, 777, 801, 810, 811, 813, 825, 873, 937]
x_810: [298, 554, 778, 802, 809, 812, 814, 826, 874, 938]
x_811: [299, 555, 779, 803, 809, 812, 815, 827, 875, 939]
x_812: [300, 556, 780, 804, 810, 811, 816, 828, 876, 940]
x_813: [301, 557, 781, 805, 809, 814, 815, 829, 877, 941]
x_814: [302, 558, 782, 806, 810, 813, 816, 830, 878, 942]
x_815: [303, 559, 783, 807, 811, 813, 816, 831, 879, 943]
x_816: [304, 560, 784, 808, 812, 814, 815, 832, 880, 944]
x_817: [305, 561, 785, 801, 818, 819, 821, 825, 881, 945]
x_818: [306, 562, 786, 802, 817, 820, 822, 826, 882, 946]
x_819: [307, 563, 787, 803, 817, 820, 823, 827, 883, 947]
x_820: [308, 564, 788, 804, 818, 819, 824, 828, 884, 948]
x_821: [309, 565, 789, 805, 817, 822, 823, 829, 885, 949]
x_822: [310, 566, 790, 806, 818, 821, 824, 830, 886, 950]
x_823: [311, 567, 791, 807, 819, 821, 824, 831, 887, 951]
x_824: [312, 568, 792, 808, 820, 822, 823, 832, 888, 952]
x_825: [313, 569, 793, 809, 817, 826, 827, 829, 889, 953]
x_826: [314, 570, 794, 810, 818, 825, 828, 830, 890, 954]
x_827: [315, 571, 795, 811, 819, 825, 828, 831, 891, 955]
x_828: [316, 572, 796, 812, 820, 826, 827, 832, 892, 956]
x_829: [317, 573, 797, 813, 821, 825, 830, 831, 893, 957]
x_830: [318, 574, 798, 814, 822, 826, 829, 832, 894, 958]
x_831: [319, 575, 799, 815, 823, 827, 829, 832, 895, 959]
x_832: [320, 576, 800, 816, 824, 828, 830, 831, 896, 960]
x_833: [321, 577, 769, 834, 835, 837, 841, 849, 865, 961]
x_834: [322, 578, 770, 833, 836, 838, 842, 850, 866, 962]
x_835: [323, 579, 771, 833, 836, 839, 843, 851, 867, 963]
x_836: [324, 580, 772, 834, 835, 840, 844, 852, 868, 964]
x_837: [325, 581, 773, 833, 838, 839, 845, 853, 869, 965]
x_838: [326, 582, 774, 834, 837, 840, 846, 854, 870, 966]
x_839: [327, 583, 775, 835, 837, 840, 847, 855, 871, 967]
x_840: [328, 584, 776, 836, 838, 839, 848, 856, 872, 968]
x_841: [329, 585, 777, 833, 842, 843, 845, 857, 873, 969]
x_842: [330, 586, 778, 834, 841, 844, 846, 858, 874, 970]
x_843: [331, 587, 779, 835, 841, 844, 847, 859, 875, 971]
x_844: [332, 588, 780, 836, 842, 843, 848, 860, 876, 972]
x_845: [333, 589, 781, 837, 841, 846, 847, 861, 877, 973]
x_846: [334, 590, 782, 838, 842, 845, 848, 862, 878, 974]
x_847: [335, 591, 783, 839, 843, 845, 848, 863, 879, 975]
x_848: [336, 592, 784, 840, 844, 846, 847, 864, 880, 976]
x_849: [337, 593, 785, 833, 850, 851, 853, 857, 881, 977]
x_850: [338, 594, 786, 834, 849, 852, 854, 858, 882, 978]
x_851: [339, 595, 787, 835, 849, 852, 855, 859, 883, 979]
x_852: [340, 596, 788, 836, 850, 851, 856, 860, 884, 980]
x_853: [341, 597, 789, 837, 849, 854, 855, 861, 885, 981]
x_854: [342, 598, 790, 838, 850, 853, 856, 862, 886, 982]
x_855: [343, 599, 791, 839, 851, 853, 856, 863, 887, 983]
x_856: [344, 600, 792, 840, 852, 854, 855, 864, 888, 984]
x_857: [345, 601, 793, 841, 849, 858, 859, 861, 889, 985]
x_858: [346, 602, 794, 842, 850, 857, 860, 862, 890, 986]
x_859: [347, 603, 795, 843, 851, 857, 860, 863, 891, 987]
x_860: [348, 604, 796, 844, 852, 858, 859, 864, 892, 988]
x_861: [349, 605, 797, 845, 853, 857, 862, 863, 893, 989]
x_862: [350, 606, 798, 846, 854, 858, 861, 864, 894, 990]
x_863: [351, 607, 799, 847, 855, 859, 861, 864, 895, 991]
x_864: [352, 608, 800, 848, 856, 860, 862, 863, 896, 992]
x_865: [353, 609, 801, 833, 866, 867, 869, 873, 881, 993]
x_866: [354, 610, 802, 834, 865, 868, 870, 874, 882, 994]
x_867: [355, 611, 803, 835, 865, 868, 871, 875, 883, 995]
x_868: [356, 612, 804, 836, 866, 867, 872, 876, 884, 996]
x_869: [357, 613, 805, 837, 865, 870, 871, 877, 885, 997]
x_870: [358, 614, 806, 838, 866, 869, 872, 878, 886, 998]
x_871: [359, 615, 807, 839, 867, 869, 872, 879, 887, 999]
x_872: [360, 616, 808, 840, 868, 870, 871, 880, 888, 1000]
x_873: [361, 617, 809, 841, 865, 874, 875, 877, 889, 1001]
x_874: [362, 618, 810, 842, 866, 873, 876, 878, 890, 1002]
x_875: [363, 619, 811, 843, 867, 873, 876, 879, 891, 1003]
x_876: [364, 620, 812, 844, 868, 874, 875, 880, 892, 1004]
x_877: [365, 621, 813, 845, 869, 873, 878, 879, 893, 1005]
x_878: [366, 622, 814, 846, 870, 874, 877, 880, 894, 1006]
x_879: [367, 623, 815, 847, 871, 875, 877, 880, 895, 1007]
x_880: [368, 624, 816, 848, 872, 876, 878, 879, 896, 1008]
x_881: [369, 625, 817, 849, 865, 882, 883, 885, 889, 1009]
x_882: [370, 626, 818, 850, 866, 881, 884, 886, 890, 1010]
x_883: [371, 627, 819, 851, 867, 881, 884, 887, 891, 1011]
x_884: [372, 628, 820, 852, 868, 882, 883, 888, 892, 1012]
x_885: [373, 629, 821, 853, 869, 881, 886, 887, 893, 1013]
x_886: [374, 630, 822, 854, 870, 882, 885, 888, 894, 1014]
x_887: [375, 631, 823, 855, 871, 883, 885, 888, 895, 1015]
x_888: [376, 632, 824, 856, 872, 884, 886, 887, 896, 1016]
x_889: [377, 633, 825, 857, 873, 881, 890, 891, 893, 1017]
x_890: [378, 634, 826, 858, 874, 882, 889, 892, 894, 1018]
x_891: [379, 635, 827, 859, 875, 883, 889, 892, 895, 1019]
x_892: [380, 636, 828, 860, 876, 884, 890, 891, 896, 1020]
x_893: [381, 637, 829, 861, 877, 885, 889, 894, 895, 1021]
x_894: [382, 638, 830, 862, 878, 886, 890, 893, 896, 1022]
x_895: [383, 639, 831, 863, 879, 887, 891, 893, 896, 1023]
x_896: [384, 640, 832, 864, 880, 888, 892, 894, 895, 1024]
x_897: [385, 641, 769, 898, 899, 901, 905, 913, 929, 961]
x_898: [386, 642, 770, 897, 900, 902, 906, 914, 930, 962]
x_899: [387, 643, 771, 897, 900, 903, 907, 915, 931, 963]
x_900: [388, 644, 772, 898, 899, 904, 908, 916, 932, 964]
x_901: [389, 645, 773, 897, 902, 903, 909, 917, 933, 965]
x_902: [390, 646, 774, 898, 901, 904, 910, 918, 934, 966]
x_903: [391, 647, 775, 899, 901, 904, 911, 919, 935, 967]
x_904: [392, 648, 776, 900, 902, 903, 912, 920, 936, 968]
x_905: [393, 649, 777, 897, 906, 907, 909, 921, 937, 969]
x_906: [394, 650, 778, 898, 905, 908, 910, 922, 938, 970]
x_907: [395, 651, 779, 899, 905, 908, 911, 923, 939, 971]
x_908: [396, 652, 780, 900, 906, 907, 912, 924, 940, 972]
x_909: [397, 653, 781, 901, 905, 910, 911, 925, 941, 973]
x_910: [398, 654, 782, 902, 906, 909, 912, 926, 942, 974]
x_911: [399, 655, 783, 903, 907, 909, 912, 927, 943, 975]
x_912: [400, 656, 784, 904, 908, 910, 911, 928, 944, 976]
x_913: [401, 657, 785, 897, 914, 915, 917, 921, 945, 977]
x_914: [402, 658, 786, 898, 913, 916, 918, 922, 946, 978]
x_915: [403, 659, 787, 899, 913, 916, 919, 923, 947, 979]
x_916: [404, 660, 788, 900, 914, 915, 920, 924, 948, 980]
x_917: [405, 661, 789, 901, 913, 918, 919, 925, 949, 981]
x_918: [406, 662, 790, 902, 914, 917, 920, 926, 950, 982]
x_919: [407, 663, 791, 903, 915, 917, 920, 927, 951, 983]
x_920: [408, 664, 792, 904, 916, 918, 919, 928, 952, 984]
x_921: [409, 665, 793, 905, 913, 922, 923, 925, 953, 985]
x_922: [410, 666, 794, 906, 914, 921, 924, 926, 954, 986]
x_923: [411, 667, 795, 907, 915, 921, 924, 927, 955, 987]
x_924: [412, 668, 796, 908, 916, 922, 923, 928, 956, 988]
x_925: [413, 669, 797, 909, 917, 921, 926, 927, 957, 989]
x_926: [414, 670, 798, 910, 918, 922, 925, 928, 958, 990]
x_927: [415, 671, 799, 911, 919, 923, 925, 928, 959, 991]
x_928: [416, 672, 800, 912, 920, 924, 926, 927, 960, 992]
x_929: [417, 673, 801, 897, 930, 931, 933, 937, 945, 993]
x_930: [418, 674, 802, 898, 929, 932, 934, 938, 946, 994]
x_931: [419, 675, 803, 899, 929, 932, 935, 939, 947, 995]
x_932: [420, 676, 804, 900, 930, 931, 936, 940, 948, 996]
x_933: [421, 677, 805, 901, 929, 934, 935, 941, 949, 997]
x_934: [422, 678, 806, 902, 930, 933, 936, 942, 950, 998]
x_935: [423, 679, 807, 903, 931, 933, 936, 943, 951, 999]
x_936: [424, 680, 808, 904, 932, 934, 935, 944, 952, 1000]
x_937: [425, 681, 809, 905, 929, 938, 939, 941, 953, 1001]
x_938: [426, 682, 810, 906, 930, 937, 940, 942, 954, 1002]
x_939: [427, 683, 811, 907, 931, 937, 940, 943, 955, 1003]
x_940: [428, 684, 812, 908, 932, 938, 939, 944, 956, 1004]
x_941: [429, 685, 813, 909, 933, 937, 942, 943, 957, 1005]
x_942: [430, 686, 814, 910, 934, 938, 941, 944, 958, 1006]
x_943: [431, 687, 815, 911, 935, 939, 941, 944, 959, 1007]
x_944: [432, 688, 816, 912, 936, 940, 942, 943, 960, 1008]
x_945: [433, 689, 817, 913, 929, 946, 947, 949, 953, 1009]
x_946: [434, 690, 818, 914, 930, 945, 948, 950, 954, 1010]
x_947: [435, 691, 819, 915, 931, 945, 948, 951, 955, 1011]
x_948: [436, 692, 820, 916, 932, 946, 947, 952, 956, 1012]
x_949: [437, 693, 821, 917, 933, 945, 950, 951, 957, 1013]
x_950: [438, 694, 822, 918, 934, 946, 949, 952, 958, 1014]
x_951: [439, 695, 823, 919, 935, 947, 949, 952, 959, 1015]
x_952: [440, 696, 824, 920, 936, 948, 950, 951, 960, 1016]
x_953: [441, 697, 825, 921, 937, 945, 954, 955, 957, 1017]
x_954: [442, 698, 826, 922, 938, 946, 953, 956, 958, 1018]
x_955: [443, 699, 827, 923, 939, 947, 953, 956, 959, 1019]
x_956: [444, 700, 828, 924, 940, 948, 954, 955, 960, 1020]
x_957: [445, 701, 829, 925, 941, 949, 953, 958, 959, 1021]
x_958: [446, 702, 830, 926, 942, 950, 954, 957, 960, 1022]
x_959: [447, 703, 831, 927, 943, 951, 955, 957, 960, 1023]
x_960: [448, 704, 832, 928, 944, 952, 956, 958, 959, 1024]
x_961: [449, 705, 833, 897, 962, 963, 965, 969, 977, 993]
x_962: [450, 706, 834, 898, 961, 964, 966, 970, 978, 994]
x_963: [451, 707, 835, 899, 961, 964, 967, 971, 979, 995]
x_964: [452, 708, 836, 900, 962, 963, 968, 972, 980, 996]
x_965: [453, 709, 837, 901, 961, 966, 967, 973, 981, 997]
x_966: [454, 710, 838, 902, 962, 965, 968, 974, 982, 998]
x_967: [455, 711, 839, 903, 963, 965, 968, 975, 983, 999]
x_968: [456, 712, 840, 904, 964, 966, 967, 976, 984, 1000]
x_969: [457, 713, 841, 905, 961, 970, 971, 973, 985, 1001]
x_970: [458, 714, 842, 906, 962, 969, 972, 974, 986, 1002]
x_971: [459, 715, 843, 907, 963, 969, 972, 975, 987, 1003]
x_972: [460, 716, 844, 908, 964, 970, 971, 976, 988, 1004]
x_973: [461, 717, 845, 909, 965, 969, 974, 975, 989, 1005]
x_974: [462, 718, 846, 910, 966, 970, 973, 976, 990, 1006]
x_975: [463, 719, 847, 911, 967, 971, 973, 976, 991, 1007]
x_976: [464, 720, 848, 912, 968, 972, 974, 975, 992, 1008]
x_977: [465, 721, 849, 913, 961, 978, 979, 981, 985, 1009]
x_978: [466, 722, 850, 914, 962, 977, 980, 982, 986, 1010]
x_979: [467, 723, 851, 915, 963, 977, 980, 983, 987, 1011]
x_980: [468, 724, 852, 916, 964, 978, 979, 984, 988, 1012]
x_981: [469, 725, 853, 917, 965, 977, 982, 983, 989, 1013]
x_982: [470, 726, 854, 918, 966, 978, 981, 984, 990, 1014]
x_983: [471, 727, 855, 919, 967, 979, 981, 984, 991, 1015]
x_984: [472, 728, 856, 920, 968, 980, 982, 983, 992, 1016]
x_985: [473, 729, 857, 921, 969, 977, 986, 987, 989, 1017]
x_986: [474, 730, 858, 922, 970, 978, 985, 988, 990, 1018]
x_987: [475, 731, 859, 923, 971, 979, 985, 988, 991, 1019]
x_988: [476, 732, 860, 924, 972, 980, 986, 987, 992, 1020]
x_989: [477, 733, 861, 925, 973, 981, 985, 990, 991, 1021]
x_990: [478, 734, 862, 926, 974, 982, 986, 989, 992, 1022]
x_991: [479, 735, 863, 927, 975, 983, 987, 989, 992, 1023]
x_992: [480, 736, 864, 928, 976, 984, 988, 990, 991, 1024]
x_993: [481, 737, 865, 929, 961, 994, 995, 997, 1001, 1009]
x_994: [482, 738, 866, 930, 962, 993, 996, 998, 1002, 1010]
x_995: [483, 739, 867, 931, 963, 993, 996, 999, 1003, 1011]
x_996: [484, 740, 868, 932, 964, 994, 995, 1000, 1004, 1012]
x_997: [485, 741, 869, 933, 965, 993, 998, 999, 1005, 1013]
x_998: [486, 742, 870, 934, 966, 994, 997, 1000, 1006, 1014]
x_999: [487, 743, 871, 935, 967, 995, 997, 1000, 1007, 1015]
x_1000: [488, 744, 872, 936, 968, 996, 998, 999, 1008, 1016]
x_1001: [489, 745, 873, 937, 969, 993, 1002, 1003, 1005, 1017]
x_1002: [490, 746, 874, 938, 970, 994, 1001, 1004, 1006, 1018]
x_1003: [491, 747, 875, 939, 971, 995, 1001, 1004, 1007, 1019]
x_1004: [492, 748, 876, 940, 972, 996, 1002, 1003, 1008, 1020]
x_1005: [493, 749, 877, 941, 973, 997, 1001, 1006, 1007, 1021]
x_1006: [494, 750, 878, 942, 974, 998, 1002, 1005, 1008, 1022]
x_1007: [495, 751, 879, 943, 975, 999, 1003, 1005, 1008, 1023]
x_1008: [496, 752, 880, 944, 976, 1000, 1004, 1006, 1007, 1024]
x_1009: [497, 753, 881, 945, 977, 993, 1010, 1011, 1013, 1017]
x_1010: [498, 754, 882, 946, 978, 994, 1009, 1012, 1014, 1018]
x_1011: [499, 755, 883, 947, 979, 995, 1009, 1012, 1015, 1019]
x_1012: [500, 756, 884, 948, 980, 996, 1010, 1011, 1016, 1020]
x_1013: [501, 757, 885, 949, 981, 997, 1009, 1014, 1015, 1021]
x_1014: [502, 758, 886, 950, 982, 998, 1010, 1013, 1016, 1022]
x_1015: [503, 759, 887, 951, 983, 999, 1011, 1013, 1016, 1023]
x_1016: [504, 760, 888, 952, 984, 1000, 1012, 1014, 1015, 1024]
x_1017: [505, 761, 889, 953, 985, 1001, 1009, 1018, 1019, 1021]
x_1018: [506, 762, 890, 954, 986, 1002, 1010, 1017, 1020, 1022]
x_1019: [507, 763, 891, 955, 987, 1003, 1011, 1017, 1020, 1023]
x_1020: [508, 764, 892, 956, 988, 1004, 1012, 1018, 1019, 1024]
x_1021: [509, 765, 893, 957, 989, 1005, 1013, 1017, 1022, 1023]
x_1022: [510, 766, 894, 958, 990, 1006, 1014, 1018, 1021, 1024]
x_1023: [511, 767, 895, 959, 991, 1007, 1015, 1019, 1021, 1024]
x_1024: [512, 768, 896, 960, 992, 1008, 1016, 1020, 1022, 1023]