256
1 1 1 1 1 1 1 1 1 1 1 1 1 1 1 1 1 1 1 1 1 1 1 1 1 1 1 1 1 1 1 1 1 1 1 1 1 1 1 1 1 1 1 1 1 1 1 1 1 1 1 1 1 1 1 1 1 1 1 1 1 1 1 1 1 1 1 1 1 1 1 1 1 1 1 1 1 1 1 1 1 1 1 1 1 1 1 1 1 1 1 1 1 1 1 1 1 1 1 1 1 1 1 1 1 1 1 1 1 1 1 1 1 1 1 1 1 1 1 1 1 1 1 1 1 1 1 1 1 1 1 1 1 1 1 1 1 1 1 1 1 1 1 1 1 1 1 1 1 1 1 1 1 1 1 1 1 1 1 1 1 1 1 1 1 1 1 1 1 1 1 1 1 1 1 1 1 1 1 1 1 1 1 1 1 1 1 1 1 1 1 1 1 1 1 1 1 1 1 1 1 1 1 1 1 1 1 1 1 1 1 1 1 1 1 1 1 1 1 1 1 1 1 1 1 1 1 1 1 1 1 1 1 1 1 1 1 1 1 1 1 1 1 1 1 1 1 1 1 1 1 1 1 1 1 1
x_1: [2, 3, 5, 9, 17, 33, 65, 129]
x_2: [1, 4, 6, 10, 18, 34, 66, 130]
x_3: [1, 4, 7, 11, 19, 35, 67, 131]
x_4: [2, 3, 8, 12, 20, 36, 68, 132]
x_5: [1, 6, 7, 13, 21, 37, 69, 133]
x_6: [2, 5, 8, 14, 22, 38, 70, 134]
x_7: [3, 5, 8, 15, 23, 39, 71, 135]
x_8: [4, 6, 7, 16, 24, 40, 72, 136]
x_9: [1, 10, 11, 13, 25, 41, 73, 137]
x_10: [2, 9, 12, 14, 26, 42, 74, 138]
x_11: [3, 9, 12, 15, 27, 43, 75, 139]
x_12: [4, 10, 11, 16, 28, 44, 76, 140]
x_13: [5, 9, 14, 15, 29, 45, 77, 141]
x_14: [6, 10, 13, 16, 30, 46, 78, 142]
x_15: [7, 11, 13, 16, 31, 47, 79, 143]
x_16: [8, 12, 14, 15, 32, 48, 80, 144]
x_17: [1, 18, 19, 21, 25, 49, 81, 145]
x_18: [2, 17, 20, 22, 26, 50, 82, 146]
x_19: [3, 17, 20, 23, 27, 51, 83, 147]
x_20: [4, 18, 19, 24, 28, 52, 84, 148]
x_21: [5, 17, 22, 23, 29, 53, 85, 149]
x_22: [6, 18, 21, 24, 30, 54, 86, 150]
x_23: [7, 19, 21, 24, 31, 55, 87, 151]
x_24: [8, 20, 22, 23, 32, 56, 88, 152]
x_25: [9, 17, 26, 27, 29, 57, 89, 153]
x_26: [10, 18, 25, 28, 30, 58, 90, 154]
x_27: [11, 19, 25, 28, 31, 59, 91, 155]
x_28: [12, 20, 26, 27, 32, 60, 92, 156]
x_29: [13, 21, 25, 30, 31, 61, 93, 157]
x_30: [14, 22, 26, 29, 32, 62, 94, 158]
x_31: [15, 23, 27, 29, 32, 63, 95, 159]
x_32: [16, 24, 28, 30, 31, 64, 96, 160]
x_33: [1, 34, 35, 37, 41, 49, 97, 161]
x_34: [2, 33, 36, 38, 42, 50, 98, 162]
x_35: [3, 33, 36, 39, 43, 51, 99, 163]
x_36: [4, 34, 35, 40, 44, 52, 100, 164]
x_37: [5, 33, 38, 39, 45, 53, 101, 165]
x_38: [6, 34, 37, 40, 46, 54, 102, 166]
x_39: [7, 35, 37, 40, 47, 55, 103, 167]
x_40: [8, 36, 38, 39, 48, 56, 104, 168]
x_41: [9, 33, 42, 43, 45, 57, 105, 169]
x_42: [10, 34, 41, 44, 46, 58, 106, 170]
x_43: [11, 35, 41, 44, 47, 59, 107, 171]
x_44: [12, 36, 42, 43, 48, 60, 108, 172]
x_45: [13, 37, 41, 46, 47, 61, 109, 173]
x_46: [14, 38, 42, 45, 48, 62, 110, 174]
x_47: [15, 39, 43, 45, 48, 63, 111, 175]
x_48: [16, 40, 44, 46, 47, 64, 112, 176]
x_49: [17, 33, 50, 51, 53, 57, 113, 177]
x_50: [18, 34, 49, 52, 54, 58, 114, 178]
x_51: [19, 35, 49, 52, 55, 59, 115, 179]
x_52: [20, 36, 50, 51, 56, 60, 116, 180]
x_53: [21, 37, 49, 54, 55, 61, 117, 181]
x_54: [22, 38, 50, 53, 56, 62, 118, 182]
x_55: [23, 39, 51, 53, 56, 63, 119, 183]
x_56: [24, 40, 52, 54, 55, 64, 120, 184]
x_57: [25, 41, 49, 58, 59, 61, 121, 185]
x_58: [26, 42, 50, 57, 60, 62, 122, 186]
x_59: [27, 43, 51, 57, 60, 63, 123, 187]
x_60: [28, 44, 52, 58, 59, 64, 124, 188]
x_61: [29, 45, 53, 57, 62, 63, 125, 189]
x_62: [30, 46, 54, 58, 61, 64, 126, 190]
x_63: [31, 47, 55, 59, 61, 64, 127, 191]
x_64: [32, 48, 56, 60, 62, 63, 128, 192]
x_65: [1, 66, 67, 69, 73, 81, 97, 193]
x_66: [2, 65, 68, 70, 74, 82, 98, 194]
x_67: [3, 65, 68, 71, 75, 83, 99, 195]
x_68: [4, 66, 67, 72, 76, 84, 100, 196]
x_69: [5, 65, 70, 71, 77, 85, 101, 197]
x_70: [6, 66, 69, 72, 78, 86, 102, 198]
x_71: [7, 67, 69, 72, 79, 87, 103, 199]
x_72: [8, 68, 70, 71, 80, 88, 104, 200]
x_73: [9, 65, 74, 75, 77, 89, 105, 201]
x_74: [10, 66, 73, 76, 78, 90, 106, 202]
x_75: [11, 67, 73, 76, 79, 91, 107, 203]
x_76: [12, 68, 74, 75, 80, 92, 108, 204]
x_77: [13, 69, 73, 78, 79, 93, 109, 205]
x_78: [14, 70, 74, 77, 80, 94, 110, 206]
x_79: [15, 71, 75, 77, 80, 95, 111, 207]
x_80: [16, 72, 76, 78, 79, 96, 112, 208]
x_81: [17, 65, 82, 83, 85, 89, 113, 209]
x_82: [18, 66, 81, 84, 86, 90, 114, 210]
x_83: [19, 67, 81, 84, 87, 91, 115, 211]
x_84: [20, 68, 82, 83, 88, 92, 116, 212]
x_85: [21, 69, 81, 86, 87, 93, 117, 213]
x_86: [22, 70, 82, 85, 88, 94, 118, 214]
x_87: [23, 71, 83, 85, 88, 95, 119, 215]
x_88: [24, 72, 84, 86, 87, 96, 120, 216]
x_89: [25, 73, 81, 90, 91, 93, 121, 217]
x_90: [26, 74, 82, 89, 92, 94, 122, 218]
x_91: [27, 75, 83, 89, 92, 95, 123, 219]
x_92: [28, 76, 84, 90, 91, 96, 124, 220]
x_93: [29, 77, 85, 89, 94, 95, 125, 221]
x_94: [30, 78, 86, 90, 93, 96, 126, 222]
x_95: [31, 79, 87, 91, 93, 96, 127, 223]
x_96: [32, 80, 88, 92, 94, 95, 128, 224]
x_97: [33, 65, 98, 99, 101, 105, 113, 225]
x_98: [34, 66, 97, 100, 102, 106, 114, 226]
x_99: [35, 67, 97, 100, 103, 107, 115, 227]
x_100: [36, 68, 98, 99, 104, 108, 116, 228]
x_101: [37, 69, 97, 102, 103, 109, 117, 229]
x_102: [38, 70, 98, 101, 104, 110, 118, 230]
x_103: [39, 71, 99, 101, 104, 111, 119, 231]
x_104: [40, 72, 100, 102, 103, 112, 120, 232]
x_105: [41, 73, 97, 106, 107, 109, 121, 233]
x_106: [42, 74, 98, 105, 108, 110, 122, 234]
x_107: [43, 75, 99, 105, 108, 111, 123, 235]
x_108: [44, 76, 100, 106, 107, 112, 124, 236]
x_109: [45, 77, 101, 105, 110, 111, 125, 237]
x_110: [46, 78, 102, 106, 109, 112, 126, 238]
x_111: [47, 79, 103, 107, 109, 112, 127, 239]
x_112: [48, 80, 104, 108, 110, 111, 128, 240]
x_113: [49, 81, 97, 114, 115, 117, 121, 241]
x_114: [50, 82, 98, 113, 116, 118, 122, 242]
x_115: [51, 83, 99, 113, 116, 119, 123, 243]
x_116: [52, 84, 100, 114, 115, 120, 124, 244]
x_117: [53, 85, 101, 113, 118, 119, 125, 245]
x_118: [54, 86, 102, 114, 117, 120, 126, 246]
x_119: [55, 87, 103, 115, 117, 120, 127, 247]
x_120: [56, 88, 104, 116, 118, 119, 128, 248]
x_121: [57, 89, 105, 113, 122, 123, 125, 249]
x_122: [58, 90, 106, 114, 121, 124, 126, 250]
x_123: [59, 91, 107, 115, 121, 124, 127, 251]
x_124: [60, 92, 108, 116, 122, 123, 128, 252]
x_125: [61, 93, 109, 117, 121, 126, 127, 253]
x_126: [62, 94, 110, 118, 122, 125, 128, 254]
x_127: [63, 95, 111, 119, 123, 125, 128, 255]
x_128: [64, 96, 112, 120, 124, 126, 127, 256]
x_129: [1, 130, 131, 133, 137, 145, 161, 193]
x_130: [2, 129, 132, 134, 138, 146, 162, 194]
x_131: [3, 129, 132, 135, 139, 147, 163, 195]
x_132: [4, 130, 131, 136, 140, 148, 164, 196]
x_133: [5, 129, 134, 135, 141, 149, 165, 197]
x_134: [6, 130, 133, 136, 142, 150, 166, 198]
x_135: [7, 131, 133, 136, 143, 151, 167, 199]
x_136: [8, 132, 134, 135, 144, 152, 168, 200]
x_137: [9, 129, 138, 139, 141, 153, 169, 201]
x_138: [10, 130, 137, 140, 142, 154, 170, 202]
x_139: [11, 131, 137, 140, 143, 155, 171, 203]
x_140: [12, 132, 138, 139, 144, 156, 172, 204]
x_141: [13, 133, 137, 142, 143, 157, 173, 205]
x_142: [14, 134, 138, 141, 144, 158, 174, 206]
x_143: [15, 135, 139, 141, 144, 159, 175, 207]
x_144: [16, 136, 140, 142, 143, 160, 176, 208]
x_145: [17, 129, 146, 147, 149, 153, 177, 209]
x_146: [18, 130, 145, 148, 150, 154, 178, 210]
x_147: [19, 131, 145, 148, 151, 155, 179, 211]
x_148: [20, 132, 146, 147, 152, 156, 180, 212]
x_149: [21, 133, 145, 150, 151, 157, 181, 213]
x_150: [22, 134, 146, 149, 152, 158, 182, 214]
x_151: [23, 135, 147, 149, 152, 159, 183, 215]
x_152: [24, 136, 148, 150, 151, 160, 184, 216]
x_153: [25, 137, 145, 154, 155, 157, 185, 217]
x_154: [26, 138, 146, 153, 156, 158, 186, 218]
x_155: [27, 139, 147, 153, 156, 159, 187, 219]
x_156: [28, 140, 148, 154, 155, 160, 188, 220]
x_157: [29, 141, 149, 153, 158, 159, 189, 221]
x_158: [30, 142, 150, 154, 157, 160, 190, 222]
x_159: [31, 143, 151, 155, 157, 160, 191, 223]
x_160: [32, 144, 152, 156, 158, 159, 192, 224]
x_161: [33, 129, 162, 163, 165, 169, 177, 225]
x_162: [34, 130, 161, 164, 166, 170, 178, 226]
x_163: [35, 131, 161, 164, 167, 171, 179, 227]
x_164: [36, 132, 162, 163, 168, 172, 180, 228]
x_165: [37, 133, 161, 166, 167, 173, 181, 229]
x_166: [38, 134, 162, 165, 168, 174, 182, 230]
x_167: [39, 135, 163, 165, 168, 175, 183, 231]
x_168: [40, 136, 164, 166, 167, 176, 184, 232]
x_169: [41, 137, 161, 170, 171, 173, 185, 233]
x_170: [42, 138, 162, 169, 172, 174, 186, 234]
x_171: [43, 139, 163, 169, 172, 175, 187, 235]
x_172: [44, 140, 164, 170, 171, 176, 188, 236]
x_173: [45, 141, 165, 169, 174, 175, 189, 237]
x_174: [46, 142, 166, 170, 173, 176, 190, 238]
x_175: [47, 143, 167, 171, 173, 176, 191, 239]
x_176: [48, 144, 168, 172, 174, 175, 192, 240]
x_177: [49, 145, 161, 178, 179, 181, 185, 241]
x_178: [50, 146, 162, 177, 180, 182, 186, 242]
x_179: [51, 147, 163, 177, 180, 183, 187, 243]
x_180: [52, 148, 164, 178, 179, 184, 188, 244]
x_181: [53, 149, 165, 177, 182, 183, 189, 245]
x_182: [54, 150, 166, 178, 181, 184, 190, 246]
x_183: [55, 151, 167, 179, 181, 184, 191, 247]
x_184: [56, 152, 168, 180, 182, 183, 192, 248]
x_185: [57, 153, 169, 177, 186, 187, 189, 249]
x_186: [58, 154, 170, 178, 185, 188, 190, 250]
x_187: [59, 155, 171, 179, 185, 188, 191, 251]
x_188: [60, 156, 172, 180, 186, 187, 192, 252]
x_189: [61, 157, 173, 181, 185, 190, 191, 253]
x_190: [62, 158, 174, 182, 186, 189, 192, 254]
x_191: [63, 159, 175, 183, 187, 189, 192, 255]
x_192: [64, 160, 176, 184, 188, 190, 191, 256]
x_193: [65, 129, 194, 195, 197, 201, 209, 225]
x_194: [66, 130, 193, 196, 198, 202, 210, 226]
x_195: [67, 131, 193, 196, 199, 203, 211, 227]
x_196: [68, 132, 194, 195, 200, 204, 212, 228]
x_197: [69, 133, 193, 198, 199, 205, 213, 229]
x_198: [70, 134, 194, 197, 200, 206, 214, 230]
x_199: [71, 135, 195, 197, 200, 207, 215, 231]
x_200: [72, 136, 196, 198, 199, 208, 216, 232]
x_201: [73, 137, 193, 202, 203, 205, 217, 233]
x_202: [74, 138, 194, 201, 204, 206, 218, 234]
x_203: [75, 139, 195, 201, 204, 207, 219, 235]
x_204: [76, 140, 196, 202, 203, 208, 220, 236]
x_205: [77, 141, 197, 201, 206, 207, 221, 237]
x_206: [78, 142, 198, 202, 205, 208, 222, 238]
x_207: [79, 143, 199, 203, 205, 208, 223, 239]
x_208: [80, 144, 200, 204, 206, 207, 224, 240]
x_209: [81, 145, 193, 210, 211, 213, 217, 241]
x_210: [82, 146, 194, 209, 212, 214, 218, 242]
x_211: [83, 147, 195, 209, 212, 215, 219, 243]
x_212: [84, 148, 196, 210, 211, 216, 220, 244]
x_213: [85, 149, 197, 209, 214, 215, 221, 245]
x_214: [86, 150, 198, 210, 213, 216, 222, 246]
x_215: [87, 151, 199, 211, 213, 216, 223, 247]
x_216: [88, 152, 200, 212, 214, 215, 224, 248]
x_217: [89, 153, 201, 209, 218, 219, 221, 249]
x_218: [90, 154, 202, 210, 217, 220, 222, 250]
x_219: [91, 155, 203, 211, 217, 220, 223, 251]
x_220: [92, 156, 204, 212, 218, 219, 224, 252]
x_221: [93, 157, 205, 213, 217, 222, 223, 253]
x_222: [94, 158, 206, 214, 218, 221, 224, 254]
x_223: [95, 159, 207, 215, 219, 221, 224, 255]
x_224: [96, 160, 208, 216, 220, 222, 223, 256]
x_225: [97, 161, 193, 226, 227, 229, 233, 241]
x_226: [98, 162, 194, 225, 228, 230, 234, 242]
x_227: [99, 163, 195, 225, 228, 231, 235, 243]
x_228: [100, 164, 196, 226, 227, 232, 236, 244]
x_229: [101, 165, 197, 225, 230, 231, 237, 245]
x_230: [102, 166, 198, 226, 229, 232, 238, 246]
x_231: [103, 167, 199, 227, 229, 232, 239, 247]
x_232: [104, 168, 200, 228, 230, 231, 240, 248]
x_233: [105, 169, 201, 225, 234, 235, 237, 249]
x_234: [106, 170, 202, 226, 233, 236, 238, 250]
x_235: [107, 171, 203, 227, 233, 236, 239, 251]
x_236: [108, 172, 204, 228, 234, 235, 240, 252]
x_237: [109, 173, 205, 229, 233, 238, 239, 253]
x_238: [110, 174, 206, 230, 234, 237, 240, 254]
x_239: [111, 175, 207, 231, 235, 237, 240, 255]
x_240: [112, 176, 208, 232, 236, 238, 239, 256]
x_241: [113, 177, 209, 225, 242, 243, 245, 249]
x_242: [114, 178, 210, 226, 241, 244, 246, 250]
x_243: [115, 179, 211, 227, 241, 244, 247, 251]
x_244: [116, 180, 212, 228, 242, 243, 248, 252]
x_245: [117, 181, 213, 229, 241, 246, 247, 253]
x_246: [118, 182, 214, 230, 242, 245, 248, 254]
x_247: [119, 183, 215, 231, 243, 245, 248, 255]
x_248: [120, 184, 216, 232, 244, 246, 247, 256]
x_249: [121, 185, 217, 233, 241, 250, 251, 253]
x_250: [122, 186, 218, 234, 242, 249, 252, 254]
x_251: [123, 187, 219, 235, 243, 249, 252, 255]
x_252: [124, 188, 220, 236, 244, 250, 251, 256]
x_253: [125, 189, 221, 237, 245, 249, 254, 255]
x_254: [126, 190, 222, 238, 246, 250, 253, 256]
x_255: [127, 191, 223, 239, 247, 251, 253, 256]
x_256: [128, 192, 224, 240, 248, 252, 254, 255]