171
1 1 1 1 1 1 1 1 1 1 1 1 1 1 1 1 1 1 1 1 1 1 1 1 1 1 1 1 1 1 1 1 1 1 1 1 1 1 1 1 1 1 1 1 1 1 1 1 1 1 1 1 1 1 1 1 1 1 1 1 1 1 1 1 1 1 1 1 1 1 1 1 1 1 1 1 1 1 1 1 1 1 1 1 1 1 1 1 1 1 1 1 1 1 1 1 1 1 1 1 1 1 1 1 1 1 1 1 1 1 1 1 1 1 1 1 1 1 1 1 1 1 1 1 1 1 1 1 1 1 1 1 1 1 1 1 1 1 1 1 1 1 1 1 1 1 1 1 1 1 1 1 1 1 1 1 1 1 1 1 1 1 1 1 1 1 1 1 1 1 1
x_1: [2, 3, 4, 5, 6, 7, 9, 10, 11, 18, 28, 29, 31, 32, 33, 35, 36, 38, 39, 40, 42, 43, 45, 46, 47, 65, 66, 68, 69, 70, 77, 135, 136, 138, 139, 140, 142, 143, 145, 146, 147, 165, 166, 168, 169, 170]
x_2: [1, 3, 4, 5, 7, 8, 9, 10, 12, 21, 29, 30, 31, 32, 34, 36, 37, 38, 39, 41, 43, 44, 45, 46, 48, 66, 67, 68, 69, 71, 80, 136, 137, 138, 139, 141, 143, 144, 145, 146, 148, 166, 167, 168, 169, 171]
x_3: [1, 2, 4, 5, 7, 9, 10, 11, 12, 22, 29, 31, 32, 33, 34, 36, 38, 39, 40, 41, 43, 45, 46, 47, 48, 66, 68, 69, 70, 71, 81, 136, 138, 139, 140, 141, 143, 145, 146, 147, 148, 166, 168, 169, 170, 171]
x_4: [1, 2, 3, 5, 7, 8, 10, 11, 12, 23, 29, 30, 32, 33, 34, 36, 37, 39, 40, 41, 43, 44, 46, 47, 48, 66, 67, 69, 70, 71, 82, 136, 137, 139, 140, 141, 143, 144, 146, 147, 148, 166, 167, 169, 170, 171]
x_5: [1, 2, 3, 4, 6, 9, 10, 11, 12, 26, 28, 31, 32, 33, 34, 35, 38, 39, 40, 41, 42, 45, 46, 47, 48, 65, 68, 69, 70, 71, 85, 135, 138, 139, 140, 141, 142, 145, 146, 147, 148, 165, 168, 169, 170, 171]
x_6: [1, 5, 7, 10, 12, 13, 14, 15, 17, 18, 19, 25, 26, 27, 28, 35, 36, 41, 42, 43, 48, 50, 51, 52, 54, 55, 56, 62, 63, 64, 89, 135, 136, 141, 142, 143, 148, 150, 151, 152, 154, 155, 156, 162, 163, 164]
x_7: [1, 2, 3, 4, 6, 9, 10, 11, 12, 13, 14, 15, 17, 18, 19, 21, 22, 23, 29, 35, 36, 38, 39, 40, 42, 43, 45, 46, 47, 50, 51, 52, 54, 55, 56, 58, 59, 60, 93, 135, 136, 138, 139, 140, 142, 143, 145, 146, 147, 150, 151, 152, 154, 155, 156, 158, 159, 160]
x_8: [2, 4, 9, 10, 11, 16, 17, 19, 20, 21, 23, 24, 25, 27, 30, 37, 38, 40, 44, 45, 47, 53, 54, 56, 57, 58, 60, 61, 62, 64, 95, 137, 138, 140, 144, 145, 147, 153, 154, 156, 157, 158, 160, 161, 162, 164]
x_9: [1, 2, 3, 5, 7, 8, 10, 11, 12, 16, 17, 18, 20, 21, 22, 24, 25, 26, 31, 36, 37, 38, 39, 41, 43, 44, 45, 46, 48, 53, 54, 55, 57, 58, 59, 61, 62, 63, 96, 136, 137, 138, 139, 141, 143, 144, 145, 146, 148, 153, 154, 155, 157, 158, 159, 161, 162, 163]
x_10: [1, 2, 3, 4, 5, 6, 7, 8, 9, 11, 12, 17, 18, 19, 21, 22, 23, 25, 26, 27, 32, 36, 38, 39, 40, 41, 43, 45, 46, 47, 48, 54, 55, 56, 58, 59, 60, 62, 63, 64, 97, 136, 138, 139, 140, 141, 143, 145, 146, 147, 148, 154, 155, 156, 158, 159, 160, 162, 163, 164]
x_11: [1, 3, 4, 5, 7, 8, 9, 10, 12, 16, 18, 19, 20, 22, 23, 24, 26, 27, 33, 36, 37, 39, 40, 41, 43, 44, 46, 47, 48, 53, 55, 56, 57, 59, 60, 61, 63, 64, 98, 136, 137, 139, 140, 141, 143, 144, 146, 147, 148, 153, 155, 156, 157, 159, 160, 161, 163, 164]
x_12: [2, 3, 4, 5, 6, 7, 9, 10, 11, 13, 14, 15, 21, 22, 23, 25, 26, 27, 34, 35, 38, 39, 40, 41, 42, 45, 46, 47, 48, 50, 51, 52, 58, 59, 60, 62, 63, 64, 101, 135, 138, 139, 140, 141, 142, 145, 146, 147, 148, 150, 151, 152, 158, 159, 160, 162, 163, 164]
x_13: [6, 7, 12, 14, 15, 16, 17, 18, 21, 24, 25, 26, 28, 29, 34, 42, 43, 48, 49, 50, 51, 53, 54, 55, 61, 62, 63, 65, 66, 71, 104, 142, 143, 148, 149, 150, 151, 153, 154, 155, 161, 162, 163, 165, 166, 171]
x_14: [6, 7, 12, 13, 15, 17, 18, 19, 22, 25, 26, 27, 28, 29, 34, 42, 43, 48, 50, 51, 52, 54, 55, 56, 62, 63, 64, 65, 66, 71, 105, 142, 143, 148, 150, 151, 152, 154, 155, 156, 162, 163, 164, 165, 166, 171]
x_15: [6, 7, 12, 13, 14, 16, 18, 19, 23, 24, 26, 27, 28, 29, 34, 42, 43, 48, 49, 51, 52, 53, 55, 56, 61, 63, 64, 65, 66, 71, 106, 142, 143, 148, 149, 151, 152, 153, 155, 156, 161, 163, 164, 165, 166, 171]
x_16: [8, 9, 11, 13, 15, 17, 18, 19, 20, 21, 23, 24, 30, 31, 33, 44, 45, 47, 49, 50, 52, 53, 54, 56, 57, 58, 60, 67, 68, 70, 107, 144, 145, 147, 149, 150, 152, 153, 154, 156, 157, 158, 160, 167, 168, 170]
x_17: [6, 7, 8, 9, 10, 13, 14, 16, 18, 19, 20, 21, 22, 25, 28, 29, 30, 31, 32, 42, 43, 44, 45, 46, 49, 50, 51, 53, 54, 55, 57, 58, 59, 65, 66, 67, 68, 69, 108, 142, 143, 144, 145, 146, 149, 150, 151, 153, 154, 155, 157, 158, 159, 165, 166, 167, 168, 169]
x_18: [1, 6, 7, 9, 10, 11, 13, 14, 15, 16, 17, 19, 21, 22, 23, 26, 28, 29, 31, 32, 33, 42, 43, 45, 46, 47, 50, 51, 52, 54, 55, 56, 58, 59, 60, 65, 66, 68, 69, 70, 109, 142, 143, 145, 146, 147, 150, 151, 152, 154, 155, 156, 158, 159, 160, 165, 166, 168, 169, 170]
x_19: [6, 7, 8, 10, 11, 14, 15, 16, 17, 18, 20, 22, 23, 27, 28, 29, 30, 32, 33, 42, 43, 44, 46, 47, 49, 51, 52, 53, 55, 56, 57, 59, 60, 65, 66, 67, 69, 70, 110, 142, 143, 144, 146, 147, 149, 151, 152, 153, 155, 156, 157, 159, 160, 165, 166, 167, 169, 170]
x_20: [8, 9, 11, 16, 17, 19, 21, 22, 23, 24, 25, 27, 30, 31, 33, 44, 45, 47, 53, 54, 56, 57, 58, 60, 61, 62, 64, 67, 68, 70, 111, 144, 145, 147, 153, 154, 156, 157, 158, 160, 161, 162, 164, 167, 168, 170]
x_21: [2, 7, 8, 9, 10, 12, 13, 16, 17, 18, 20, 22, 23, 24, 25, 26, 29, 30, 31, 32, 34, 43, 44, 45, 46, 48, 53, 54, 55, 57, 58, 59, 61, 62, 63, 66, 67, 68, 69, 71, 112, 143, 144, 145, 146, 148, 153, 154, 155, 157, 158, 159, 161, 162, 163, 166, 167, 168, 169, 171]
x_22: [3, 7, 9, 10, 11, 12, 14, 17, 18, 19, 20, 21, 23, 25, 26, 27, 29, 31, 32, 33, 34, 43, 45, 46, 47, 48, 54, 55, 56, 58, 59, 60, 62, 63, 64, 66, 68, 69, 70, 71, 113, 143, 145, 146, 147, 148, 154, 155, 156, 158, 159, 160, 162, 163, 164, 166, 168, 169, 170, 171]
x_23: [4, 7, 8, 10, 11, 12, 15, 16, 18, 19, 20, 21, 22, 24, 26, 27, 29, 30, 32, 33, 34, 43, 44, 46, 47, 48, 53, 55, 56, 57, 59, 60, 61, 63, 64, 66, 67, 69, 70, 71, 114, 143, 144, 146, 147, 148, 153, 155, 156, 157, 159, 160, 161, 163, 164, 166, 167, 169, 170, 171]
x_24: [8, 9, 11, 13, 15, 16, 20, 21, 23, 25, 26, 27, 30, 31, 33, 44, 45, 47, 49, 50, 52, 57, 58, 60, 61, 62, 64, 67, 68, 70, 115, 144, 145, 147, 149, 150, 152, 157, 158, 160, 161, 162, 164, 167, 168, 170]
x_25: [6, 8, 9, 10, 12, 13, 14, 17, 20, 21, 22, 24, 26, 27, 28, 30, 31, 32, 34, 42, 44, 45, 46, 48, 49, 50, 51, 57, 58, 59, 61, 62, 63, 65, 67, 68, 69, 71, 116, 142, 144, 145, 146, 148, 149, 150, 151, 157, 158, 159, 161, 162, 163, 165, 167, 168, 169, 171]
x_26: [5, 6, 9, 10, 11, 12, 13, 14, 15, 18, 21, 22, 23, 24, 25, 27, 28, 31, 32, 33, 34, 42, 45, 46, 47, 48, 50, 51, 52, 58, 59, 60, 62, 63, 64, 65, 68, 69, 70, 71, 117, 142, 145, 146, 147, 148, 150, 151, 152, 158, 159, 160, 162, 163, 164, 165, 168, 169, 170, 171]
x_27: [6, 8, 10, 11, 12, 14, 15, 19, 20, 22, 23, 24, 25, 26, 28, 30, 32, 33, 34, 42, 44, 46, 47, 48, 49, 51, 52, 57, 59, 60, 61, 63, 64, 65, 67, 69, 70, 71, 118, 142, 144, 146, 147, 148, 149, 151, 152, 157, 159, 160, 161, 163, 164, 165, 167, 169, 170, 171]
x_28: [1, 5, 6, 13, 14, 15, 17, 18, 19, 25, 26, 27, 29, 32, 34, 35, 36, 41, 50, 51, 52, 54, 55, 56, 62, 63, 64, 65, 66, 71, 121, 135, 136, 141, 150, 151, 152, 154, 155, 156, 162, 163, 164, 165, 166, 171]
x_29: [1, 2, 3, 4, 7, 13, 14, 15, 17, 18, 19, 21, 22, 23, 28, 31, 32, 33, 34, 35, 36, 38, 39, 40, 50, 51, 52, 54, 55, 56, 58, 59, 60, 65, 66, 68, 69, 70, 125, 135, 136, 138, 139, 140, 150, 151, 152, 154, 155, 156, 158, 159, 160, 165, 166, 168, 169, 170]
x_30: [2, 4, 8, 16, 17, 19, 20, 21, 23, 24, 25, 27, 31, 32, 33, 37, 38, 40, 53, 54, 56, 57, 58, 60, 61, 62, 64, 67, 68, 70, 127, 137, 138, 140, 153, 154, 156, 157, 158, 160, 161, 162, 164, 167, 168, 170]
x_31: [1, 2, 3, 5, 9, 16, 17, 18, 20, 21, 22, 24, 25, 26, 29, 30, 32, 33, 34, 36, 37, 38, 39, 41, 53, 54, 55, 57, 58, 59, 61, 62, 63, 66, 67, 68, 69, 71, 128, 136, 137, 138, 139, 141, 153, 154, 155, 157, 158, 159, 161, 162, 163, 166, 167, 168, 169, 171]
x_32: [1, 2, 3, 4, 5, 10, 17, 18, 19, 21, 22, 23, 25, 26, 27, 28, 29, 30, 31, 33, 34, 36, 38, 39, 40, 41, 54, 55, 56, 58, 59, 60, 62, 63, 64, 66, 68, 69, 70, 71, 129, 136, 138, 139, 140, 141, 154, 155, 156, 158, 159, 160, 162, 163, 164, 166, 168, 169, 170, 171]
x_33: [1, 3, 4, 5, 11, 16, 18, 19, 20, 22, 23, 24, 26, 27, 29, 30, 31, 32, 34, 36, 37, 39, 40, 41, 53, 55, 56, 57, 59, 60, 61, 63, 64, 66, 67, 69, 70, 71, 130, 136, 137, 139, 140, 141, 153, 155, 156, 157, 159, 160, 161, 163, 164, 166, 167, 169, 170, 171]
x_34: [2, 3, 4, 5, 12, 13, 14, 15, 21, 22, 23, 25, 26, 27, 28, 29, 31, 32, 33, 35, 38, 39, 40, 41, 50, 51, 52, 58, 59, 60, 62, 63, 64, 65, 68, 69, 70, 71, 133, 135, 138, 139, 140, 141, 150, 151, 152, 158, 159, 160, 162, 163, 164, 165, 168, 169, 170, 171]
x_35: [1, 5, 6, 7, 12, 28, 29, 34, 36, 39, 41, 42, 43, 48, 51, 65, 66, 71, 72, 73, 74, 76, 77, 78, 84, 85, 86, 88, 89, 90, 92, 93, 94, 100, 101, 102, 120, 121, 122, 124, 125, 126, 132, 133, 134, 135]
x_36: [1, 2, 3, 4, 6, 7, 9, 10, 11, 28, 29, 31, 32, 33, 35, 38, 39, 40, 41, 42, 43, 45, 46, 47, 55, 65, 66, 68, 69, 70, 72, 73, 74, 76, 77, 78, 80, 81, 82, 88, 89, 90, 92, 93, 94, 96, 97, 98, 120, 121, 122, 124, 125, 126, 128, 129, 130, 136]
x_37: [2, 4, 8, 9, 11, 30, 31, 33, 38, 39, 40, 44, 45, 47, 57, 67, 68, 70, 75, 76, 78, 79, 80, 82, 83, 84, 86, 91, 92, 94, 95, 96, 98, 99, 100, 102, 123, 124, 126, 127, 128, 130, 131, 132, 134, 137]
x_38: [1, 2, 3, 5, 7, 8, 9, 10, 12, 29, 30, 31, 32, 34, 36, 37, 39, 40, 41, 43, 44, 45, 46, 48, 58, 66, 67, 68, 69, 71, 75, 76, 77, 79, 80, 81, 83, 84, 85, 91, 92, 93, 95, 96, 97, 99, 100, 101, 123, 124, 125, 127, 128, 129, 131, 132, 133, 138]
x_39: [1, 2, 3, 4, 5, 7, 9, 10, 11, 12, 29, 31, 32, 33, 34, 35, 36, 37, 38, 40, 41, 43, 45, 46, 47, 48, 59, 66, 68, 69, 70, 71, 76, 77, 78, 80, 81, 82, 84, 85, 86, 92, 93, 94, 96, 97, 98, 100, 101, 102, 124, 125, 126, 128, 129, 130, 132, 133, 134, 139]
x_40: [1, 3, 4, 5, 7, 8, 10, 11, 12, 29, 30, 32, 33, 34, 36, 37, 38, 39, 41, 43, 44, 46, 47, 48, 60, 66, 67, 69, 70, 71, 75, 77, 78, 79, 81, 82, 83, 85, 86, 91, 93, 94, 95, 97, 98, 99, 101, 102, 123, 125, 126, 127, 129, 130, 131, 133, 134, 140]
x_41: [2, 3, 4, 5, 6, 9, 10, 11, 12, 28, 31, 32, 33, 34, 35, 36, 38, 39, 40, 42, 45, 46, 47, 48, 63, 65, 68, 69, 70, 71, 72, 73, 74, 80, 81, 82, 84, 85, 86, 88, 89, 90, 96, 97, 98, 100, 101, 102, 120, 121, 122, 128, 129, 130, 132, 133, 134, 141]
x_42: [1, 5, 6, 7, 12, 13, 14, 15, 17, 18, 19, 25, 26, 27, 35, 36, 41, 43, 46, 48, 50, 51, 52, 54, 55, 56, 62, 63, 64, 65, 72, 73, 74, 76, 77, 78, 84, 85, 86, 88, 89, 90, 92, 93, 94, 100, 101, 102, 104, 105, 106, 108, 109, 110, 116, 117, 118, 142]
x_43: [1, 2, 3, 4, 6, 7, 9, 10, 11, 13, 14, 15, 17, 18, 19, 21, 22, 23, 35, 36, 38, 39, 40, 42, 45, 46, 47, 48, 50, 51, 52, 54, 55, 56, 58, 59, 60, 66, 72, 73, 74, 76, 77, 78, 80, 81, 82, 88, 89, 90, 92, 93, 94, 96, 97, 98, 104, 105, 106, 108, 109, 110, 112, 113, 114, 143]
x_44: [2, 4, 8, 9, 11, 16, 17, 19, 20, 21, 23, 24, 25, 27, 37, 38, 40, 45, 46, 47, 53, 54, 56, 57, 58, 60, 61, 62, 64, 67, 75, 76, 78, 79, 80, 82, 83, 84, 86, 91, 92, 94, 95, 96, 98, 99, 100, 102, 107, 108, 110, 111, 112, 114, 115, 116, 118, 144]
x_45: [1, 2, 3, 5, 7, 8, 9, 10, 12, 16, 17, 18, 20, 21, 22, 24, 25, 26, 36, 37, 38, 39, 41, 43, 44, 46, 47, 48, 53, 54, 55, 57, 58, 59, 61, 62, 63, 68, 75, 76, 77, 79, 80, 81, 83, 84, 85, 91, 92, 93, 95, 96, 97, 99, 100, 101, 107, 108, 109, 111, 112, 113, 115, 116, 117, 145]
x_46: [1, 2, 3, 4, 5, 7, 9, 10, 11, 12, 17, 18, 19, 21, 22, 23, 25, 26, 27, 36, 38, 39, 40, 41, 42, 43, 44, 45, 47, 48, 54, 55, 56, 58, 59, 60, 62, 63, 64, 69, 76, 77, 78, 80, 81, 82, 84, 85, 86, 92, 93, 94, 96, 97, 98, 100, 101, 102, 108, 109, 110, 112, 113, 114, 116, 117, 118, 146]
x_47: [1, 3, 4, 5, 7, 8, 10, 11, 12, 16, 18, 19, 20, 22, 23, 24, 26, 27, 36, 37, 39, 40, 41, 43, 44, 45, 46, 48, 53, 55, 56, 57, 59, 60, 61, 63, 64, 70, 75, 77, 78, 79, 81, 82, 83, 85, 86, 91, 93, 94, 95, 97, 98, 99, 101, 102, 107, 109, 110, 111, 113, 114, 115, 117, 118, 147]
x_48: [2, 3, 4, 5, 6, 9, 10, 11, 12, 13, 14, 15, 21, 22, 23, 25, 26, 27, 35, 38, 39, 40, 41, 42, 43, 45, 46, 47, 50, 51, 52, 58, 59, 60, 62, 63, 64, 71, 72, 73, 74, 80, 81, 82, 84, 85, 86, 88, 89, 90, 96, 97, 98, 100, 101, 102, 104, 105, 106, 112, 113, 114, 116, 117, 118, 148]
x_49: [13, 15, 16, 17, 19, 24, 25, 27, 50, 51, 52, 53, 54, 56, 57, 61, 62, 64, 87, 88, 90, 91, 92, 94, 99, 100, 102, 103, 104, 106, 107, 108, 110, 115, 116, 118, 119, 120, 122, 123, 124, 126, 131, 132, 134, 149]
x_50: [6, 7, 12, 13, 14, 16, 17, 18, 24, 25, 26, 28, 29, 34, 42, 43, 48, 49, 51, 52, 53, 54, 55, 58, 61, 62, 63, 65, 66, 71, 87, 88, 89, 91, 92, 93, 99, 100, 101, 103, 104, 105, 107, 108, 109, 115, 116, 117, 119, 120, 121, 123, 124, 125, 131, 132, 133, 150]
x_51: [6, 7, 12, 13, 14, 15, 17, 18, 19, 25, 26, 27, 28, 29, 34, 35, 42, 43, 48, 49, 50, 52, 54, 55, 56, 59, 62, 63, 64, 65, 66, 71, 88, 89, 90, 92, 93, 94, 100, 101, 102, 104, 105, 106, 108, 109, 110, 116, 117, 118, 120, 121, 122, 124, 125, 126, 132, 133, 134, 151]
x_52: [6, 7, 12, 14, 15, 16, 18, 19, 24, 26, 27, 28, 29, 34, 42, 43, 48, 49, 50, 51, 53, 55, 56, 60, 61, 63, 64, 65, 66, 71, 87, 89, 90, 91, 93, 94, 99, 101, 102, 103, 105, 106, 107, 109, 110, 115, 117, 118, 119, 121, 122, 123, 125, 126, 131, 133, 134, 152]
x_53: [8, 9, 11, 13, 15, 16, 17, 19, 20, 21, 23, 30, 31, 33, 44, 45, 47, 49, 50, 52, 54, 55, 56, 57, 58, 60, 61, 67, 68, 70, 87, 88, 90, 91, 92, 94, 95, 96, 98, 103, 104, 106, 107, 108, 110, 111, 112, 114, 119, 120, 122, 123, 124, 126, 127, 128, 130, 153]
x_54: [6, 7, 8, 9, 10, 13, 14, 16, 17, 18, 20, 21, 22, 28, 29, 30, 31, 32, 42, 43, 44, 45, 46, 49, 50, 51, 53, 55, 56, 57, 58, 59, 62, 65, 66, 67, 68, 69, 87, 88, 89, 91, 92, 93, 95, 96, 97, 103, 104, 105, 107, 108, 109, 111, 112, 113, 119, 120, 121, 123, 124, 125, 127, 128, 129, 154]
x_55: [6, 7, 9, 10, 11, 13, 14, 15, 17, 18, 19, 21, 22, 23, 28, 29, 31, 32, 33, 36, 42, 43, 45, 46, 47, 50, 51, 52, 53, 54, 56, 58, 59, 60, 63, 65, 66, 68, 69, 70, 88, 89, 90, 92, 93, 94, 96, 97, 98, 104, 105, 106, 108, 109, 110, 112, 113, 114, 120, 121, 122, 124, 125, 126, 128, 129, 130, 155]
x_56: [6, 7, 8, 10, 11, 14, 15, 16, 18, 19, 20, 22, 23, 28, 29, 30, 32, 33, 42, 43, 44, 46, 47, 49, 51, 52, 53, 54, 55, 57, 59, 60, 64, 65, 66, 67, 69, 70, 87, 89, 90, 91, 93, 94, 95, 97, 98, 103, 105, 106, 107, 109, 110, 111, 113, 114, 119, 121, 122, 123, 125, 126, 127, 129, 130, 156]
x_57: [8, 9, 11, 16, 17, 19, 20, 21, 23, 24, 25, 27, 30, 31, 33, 37, 44, 45, 47, 49, 53, 54, 56, 58, 59, 60, 61, 62, 64, 67, 68, 70, 91, 92, 94, 95, 96, 98, 99, 100, 102, 107, 108, 110, 111, 112, 114, 115, 116, 118, 123, 124, 126, 127, 128, 130, 131, 132, 134, 157]
x_58: [7, 8, 9, 10, 12, 16, 17, 18, 20, 21, 22, 24, 25, 26, 29, 30, 31, 32, 34, 38, 43, 44, 45, 46, 48, 50, 53, 54, 55, 57, 59, 60, 61, 62, 63, 66, 67, 68, 69, 71, 91, 92, 93, 95, 96, 97, 99, 100, 101, 107, 108, 109, 111, 112, 113, 115, 116, 117, 123, 124, 125, 127, 128, 129, 131, 132, 133, 158]
x_59: [7, 9, 10, 11, 12, 17, 18, 19, 21, 22, 23, 25, 26, 27, 29, 31, 32, 33, 34, 39, 43, 45, 46, 47, 48, 51, 54, 55, 56, 57, 58, 60, 62, 63, 64, 66, 68, 69, 70, 71, 92, 93, 94, 96, 97, 98, 100, 101, 102, 108, 109, 110, 112, 113, 114, 116, 117, 118, 124, 125, 126, 128, 129, 130, 132, 133, 134, 159]
x_60: [7, 8, 10, 11, 12, 16, 18, 19, 20, 22, 23, 24, 26, 27, 29, 30, 32, 33, 34, 40, 43, 44, 46, 47, 48, 52, 53, 55, 56, 57, 58, 59, 61, 63, 64, 66, 67, 69, 70, 71, 91, 93, 94, 95, 97, 98, 99, 101, 102, 107, 109, 110, 111, 113, 114, 115, 117, 118, 123, 125, 126, 127, 129, 130, 131, 133, 134, 160]
x_61: [8, 9, 11, 13, 15, 20, 21, 23, 24, 25, 27, 30, 31, 33, 44, 45, 47, 49, 50, 52, 53, 57, 58, 60, 62, 63, 64, 67, 68, 70, 87, 88, 90, 95, 96, 98, 99, 100, 102, 103, 104, 106, 111, 112, 114, 115, 116, 118, 119, 120, 122, 127, 128, 130, 131, 132, 134, 161]
x_62: [6, 8, 9, 10, 12, 13, 14, 20, 21, 22, 24, 25, 26, 28, 30, 31, 32, 34, 42, 44, 45, 46, 48, 49, 50, 51, 54, 57, 58, 59, 61, 63, 64, 65, 67, 68, 69, 71, 87, 88, 89, 95, 96, 97, 99, 100, 101, 103, 104, 105, 111, 112, 113, 115, 116, 117, 119, 120, 121, 127, 128, 129, 131, 132, 133, 162]
x_63: [6, 9, 10, 11, 12, 13, 14, 15, 21, 22, 23, 25, 26, 27, 28, 31, 32, 33, 34, 41, 42, 45, 46, 47, 48, 50, 51, 52, 55, 58, 59, 60, 61, 62, 64, 65, 68, 69, 70, 71, 88, 89, 90, 96, 97, 98, 100, 101, 102, 104, 105, 106, 112, 113, 114, 116, 117, 118, 120, 121, 122, 128, 129, 130, 132, 133, 134, 163]
x_64: [6, 8, 10, 11, 12, 14, 15, 20, 22, 23, 24, 26, 27, 28, 30, 32, 33, 34, 42, 44, 46, 47, 48, 49, 51, 52, 56, 57, 59, 60, 61, 62, 63, 65, 67, 69, 70, 71, 87, 89, 90, 95, 97, 98, 99, 101, 102, 103, 105, 106, 111, 113, 114, 115, 117, 118, 119, 121, 122, 127, 129, 130, 131, 133, 134, 164]
x_65: [1, 5, 13, 14, 15, 17, 18, 19, 25, 26, 27, 28, 29, 34, 35, 36, 41, 42, 50, 51, 52, 54, 55, 56, 62, 63, 64, 66, 69, 71, 72, 73, 74, 76, 77, 78, 84, 85, 86, 104, 105, 106, 108, 109, 110, 116, 117, 118, 120, 121, 122, 124, 125, 126, 132, 133, 134, 165]
x_66: [1, 2, 3, 4, 13, 14, 15, 17, 18, 19, 21, 22, 23, 28, 29, 31, 32, 33, 35, 36, 38, 39, 40, 43, 50, 51, 52, 54, 55, 56, 58, 59, 60, 65, 68, 69, 70, 71, 72, 73, 74, 76, 77, 78, 80, 81, 82, 104, 105, 106, 108, 109, 110, 112, 113, 114, 120, 121, 122, 124, 125, 126, 128, 129, 130, 166]
x_67: [2, 4, 16, 17, 19, 20, 21, 23, 24, 25, 27, 30, 31, 33, 37, 38, 40, 44, 53, 54, 56, 57, 58, 60, 61, 62, 64, 68, 69, 70, 75, 76, 78, 79, 80, 82, 83, 84, 86, 107, 108, 110, 111, 112, 114, 115, 116, 118, 123, 124, 126, 127, 128, 130, 131, 132, 134, 167]
x_68: [1, 2, 3, 5, 16, 17, 18, 20, 21, 22, 24, 25, 26, 29, 30, 31, 32, 34, 36, 37, 38, 39, 41, 45, 53, 54, 55, 57, 58, 59, 61, 62, 63, 66, 67, 69, 70, 71, 75, 76, 77, 79, 80, 81, 83, 84, 85, 107, 108, 109, 111, 112, 113, 115, 116, 117, 123, 124, 125, 127, 128, 129, 131, 132, 133, 168]
x_69: [1, 2, 3, 4, 5, 17, 18, 19, 21, 22, 23, 25, 26, 27, 29, 31, 32, 33, 34, 36, 38, 39, 40, 41, 46, 54, 55, 56, 58, 59, 60, 62, 63, 64, 65, 66, 67, 68, 70, 71, 76, 77, 78, 80, 81, 82, 84, 85, 86, 108, 109, 110, 112, 113, 114, 116, 117, 118, 124, 125, 126, 128, 129, 130, 132, 133, 134, 169]
x_70: [1, 3, 4, 5, 16, 18, 19, 20, 22, 23, 24, 26, 27, 29, 30, 32, 33, 34, 36, 37, 39, 40, 41, 47, 53, 55, 56, 57, 59, 60, 61, 63, 64, 66, 67, 68, 69, 71, 75, 77, 78, 79, 81, 82, 83, 85, 86, 107, 109, 110, 111, 113, 114, 115, 117, 118, 123, 125, 126, 127, 129, 130, 131, 133, 134, 170]
x_71: [2, 3, 4, 5, 13, 14, 15, 21, 22, 23, 25, 26, 27, 28, 31, 32, 33, 34, 35, 38, 39, 40, 41, 48, 50, 51, 52, 58, 59, 60, 62, 63, 64, 65, 66, 68, 69, 70, 72, 73, 74, 80, 81, 82, 84, 85, 86, 104, 105, 106, 112, 113, 114, 116, 117, 118, 120, 121, 122, 128, 129, 130, 132, 133, 134, 171]
x_72: [35, 36, 41, 42, 43, 48, 65, 66, 71, 73, 74, 75, 76, 77, 80, 83, 84, 85, 87, 88, 89, 91, 92, 93, 99, 100, 101, 104, 119, 120, 121, 123, 124, 125, 131, 132, 133, 135, 136, 141, 142, 143, 148, 165, 166, 171]
x_73: [35, 36, 41, 42, 43, 48, 65, 66, 71, 72, 74, 76, 77, 78, 81, 84, 85, 86, 88, 89, 90, 92, 93, 94, 100, 101, 102, 105, 120, 121, 122, 124, 125, 126, 132, 133, 134, 135, 136, 141, 142, 143, 148, 165, 166, 171]
x_74: [35, 36, 41, 42, 43, 48, 65, 66, 71, 72, 73, 75, 77, 78, 82, 83, 85, 86, 87, 89, 90, 91, 93, 94, 99, 101, 102, 106, 119, 121, 122, 123, 125, 126, 131, 133, 134, 135, 136, 141, 142, 143, 148, 165, 166, 171]
x_75: [37, 38, 40, 44, 45, 47, 67, 68, 70, 72, 74, 76, 77, 78, 79, 80, 82, 83, 87, 88, 90, 91, 92, 94, 95, 96, 98, 107, 119, 120, 122, 123, 124, 126, 127, 128, 130, 137, 138, 140, 144, 145, 147, 167, 168, 170]
x_76: [35, 36, 37, 38, 39, 42, 43, 44, 45, 46, 65, 66, 67, 68, 69, 72, 73, 75, 77, 78, 79, 80, 81, 84, 87, 88, 89, 91, 92, 93, 95, 96, 97, 108, 119, 120, 121, 123, 124, 125, 127, 128, 129, 135, 136, 137, 138, 139, 142, 143, 144, 145, 146, 165, 166, 167, 168, 169]
x_77: [1, 35, 36, 38, 39, 40, 42, 43, 45, 46, 47, 65, 66, 68, 69, 70, 72, 73, 74, 75, 76, 78, 80, 81, 82, 85, 88, 89, 90, 92, 93, 94, 96, 97, 98, 109, 120, 121, 122, 124, 125, 126, 128, 129, 130, 135, 136, 138, 139, 140, 142, 143, 145, 146, 147, 165, 166, 168, 169, 170]
x_78: [35, 36, 37, 39, 40, 42, 43, 44, 46, 47, 65, 66, 67, 69, 70, 73, 74, 75, 76, 77, 79, 81, 82, 86, 87, 89, 90, 91, 93, 94, 95, 97, 98, 110, 119, 121, 122, 123, 125, 126, 127, 129, 130, 135, 136, 137, 139, 140, 142, 143, 144, 146, 147, 165, 166, 167, 169, 170]
x_79: [37, 38, 40, 44, 45, 47, 67, 68, 70, 75, 76, 78, 80, 81, 82, 83, 84, 86, 91, 92, 94, 95, 96, 98, 99, 100, 102, 111, 123, 124, 126, 127, 128, 130, 131, 132, 134, 137, 138, 140, 144, 145, 147, 167, 168, 170]
x_80: [2, 36, 37, 38, 39, 41, 43, 44, 45, 46, 48, 66, 67, 68, 69, 71, 72, 75, 76, 77, 79, 81, 82, 83, 84, 85, 91, 92, 93, 95, 96, 97, 99, 100, 101, 112, 123, 124, 125, 127, 128, 129, 131, 132, 133, 136, 137, 138, 139, 141, 143, 144, 145, 146, 148, 166, 167, 168, 169, 171]
x_81: [3, 36, 38, 39, 40, 41, 43, 45, 46, 47, 48, 66, 68, 69, 70, 71, 73, 76, 77, 78, 79, 80, 82, 84, 85, 86, 92, 93, 94, 96, 97, 98, 100, 101, 102, 113, 124, 125, 126, 128, 129, 130, 132, 133, 134, 136, 138, 139, 140, 141, 143, 145, 146, 147, 148, 166, 168, 169, 170, 171]
x_82: [4, 36, 37, 39, 40, 41, 43, 44, 46, 47, 48, 66, 67, 69, 70, 71, 74, 75, 77, 78, 79, 80, 81, 83, 85, 86, 91, 93, 94, 95, 97, 98, 99, 101, 102, 114, 123, 125, 126, 127, 129, 130, 131, 133, 134, 136, 137, 139, 140, 141, 143, 144, 146, 147, 148, 166, 167, 169, 170, 171]
x_83: [37, 38, 40, 44, 45, 47, 67, 68, 70, 72, 74, 75, 79, 80, 82, 84, 85, 86, 87, 88, 90, 95, 96, 98, 99, 100, 102, 115, 119, 120, 122, 127, 128, 130, 131, 132, 134, 137, 138, 140, 144, 145, 147, 167, 168, 170]
x_84: [35, 37, 38, 39, 41, 42, 44, 45, 46, 48, 65, 67, 68, 69, 71, 72, 73, 76, 79, 80, 81, 83, 85, 86, 87, 88, 89, 95, 96, 97, 99, 100, 101, 116, 119, 120, 121, 127, 128, 129, 131, 132, 133, 135, 137, 138, 139, 141, 142, 144, 145, 146, 148, 165, 167, 168, 169, 171]
x_85: [5, 35, 38, 39, 40, 41, 42, 45, 46, 47, 48, 65, 68, 69, 70, 71, 72, 73, 74, 77, 80, 81, 82, 83, 84, 86, 88, 89, 90, 96, 97, 98, 100, 101, 102, 117, 120, 121, 122, 128, 129, 130, 132, 133, 134, 135, 138, 139, 140, 141, 142, 145, 146, 147, 148, 165, 168, 169, 170, 171]
x_86: [35, 37, 39, 40, 41, 42, 44, 46, 47, 48, 65, 67, 69, 70, 71, 73, 74, 78, 79, 81, 82, 83, 84, 85, 87, 89, 90, 95, 97, 98, 99, 101, 102, 118, 119, 121, 122, 127, 129, 130, 131, 133, 134, 135, 137, 139, 140, 141, 142, 144, 146, 147, 148, 165, 167, 169, 170, 171]
x_87: [49, 50, 52, 53, 54, 56, 61, 62, 64, 72, 74, 75, 76, 78, 83, 84, 86, 88, 89, 90, 91, 92, 94, 95, 99, 100, 102, 103, 104, 106, 107, 108, 110, 115, 116, 118, 119, 149, 150, 152, 153, 154, 156, 161, 162, 164]
x_88: [35, 36, 41, 42, 43, 48, 49, 50, 51, 53, 54, 55, 61, 62, 63, 72, 73, 75, 76, 77, 83, 84, 85, 87, 89, 90, 91, 92, 93, 96, 99, 100, 101, 103, 104, 105, 107, 108, 109, 115, 116, 117, 120, 135, 136, 141, 142, 143, 148, 149, 150, 151, 153, 154, 155, 161, 162, 163]
x_89: [6, 35, 36, 41, 42, 43, 48, 50, 51, 52, 54, 55, 56, 62, 63, 64, 72, 73, 74, 76, 77, 78, 84, 85, 86, 87, 88, 90, 92, 93, 94, 97, 100, 101, 102, 104, 105, 106, 108, 109, 110, 116, 117, 118, 121, 135, 136, 141, 142, 143, 148, 150, 151, 152, 154, 155, 156, 162, 163, 164]
x_90: [35, 36, 41, 42, 43, 48, 49, 51, 52, 53, 55, 56, 61, 63, 64, 73, 74, 75, 77, 78, 83, 85, 86, 87, 88, 89, 91, 93, 94, 98, 99, 101, 102, 103, 105, 106, 107, 109, 110, 115, 117, 118, 122, 135, 136, 141, 142, 143, 148, 149, 151, 152, 153, 155, 156, 161, 163, 164]
x_91: [37, 38, 40, 44, 45, 47, 49, 50, 52, 53, 54, 56, 57, 58, 60, 72, 74, 75, 76, 78, 79, 80, 82, 87, 88, 90, 92, 93, 94, 95, 96, 98, 99, 103, 104, 106, 107, 108, 110, 111, 112, 114, 123, 137, 138, 140, 144, 145, 147, 149, 150, 152, 153, 154, 156, 157, 158, 160]
x_92: [35, 36, 37, 38, 39, 42, 43, 44, 45, 46, 49, 50, 51, 53, 54, 55, 57, 58, 59, 72, 73, 75, 76, 77, 79, 80, 81, 87, 88, 89, 91, 93, 94, 95, 96, 97, 100, 103, 104, 105, 107, 108, 109, 111, 112, 113, 124, 135, 136, 137, 138, 139, 142, 143, 144, 145, 146, 149, 150, 151, 153, 154, 155, 157, 158, 159]
x_93: [7, 35, 36, 38, 39, 40, 42, 43, 45, 46, 47, 50, 51, 52, 54, 55, 56, 58, 59, 60, 72, 73, 74, 76, 77, 78, 80, 81, 82, 88, 89, 90, 91, 92, 94, 96, 97, 98, 101, 104, 105, 106, 108, 109, 110, 112, 113, 114, 125, 135, 136, 138, 139, 140, 142, 143, 145, 146, 147, 150, 151, 152, 154, 155, 156, 158, 159, 160]
x_94: [35, 36, 37, 39, 40, 42, 43, 44, 46, 47, 49, 51, 52, 53, 55, 56, 57, 59, 60, 73, 74, 75, 77, 78, 79, 81, 82, 87, 89, 90, 91, 92, 93, 95, 97, 98, 102, 103, 105, 106, 107, 109, 110, 111, 113, 114, 126, 135, 136, 137, 139, 140, 142, 143, 144, 146, 147, 149, 151, 152, 153, 155, 156, 157, 159, 160]
x_95: [8, 37, 38, 40, 44, 45, 47, 53, 54, 56, 57, 58, 60, 61, 62, 64, 75, 76, 78, 79, 80, 82, 83, 84, 86, 87, 91, 92, 94, 96, 97, 98, 99, 100, 102, 107, 108, 110, 111, 112, 114, 115, 116, 118, 127, 137, 138, 140, 144, 145, 147, 153, 154, 156, 157, 158, 160, 161, 162, 164]
x_96: [9, 36, 37, 38, 39, 41, 43, 44, 45, 46, 48, 53, 54, 55, 57, 58, 59, 61, 62, 63, 75, 76, 77, 79, 80, 81, 83, 84, 85, 88, 91, 92, 93, 95, 97, 98, 99, 100, 101, 107, 108, 109, 111, 112, 113, 115, 116, 117, 128, 136, 137, 138, 139, 141, 143, 144, 145, 146, 148, 153, 154, 155, 157, 158, 159, 161, 162, 163]
x_97: [10, 36, 38, 39, 40, 41, 43, 45, 46, 47, 48, 54, 55, 56, 58, 59, 60, 62, 63, 64, 76, 77, 78, 80, 81, 82, 84, 85, 86, 89, 92, 93, 94, 95, 96, 98, 100, 101, 102, 108, 109, 110, 112, 113, 114, 116, 117, 118, 129, 136, 138, 139, 140, 141, 143, 145, 146, 147, 148, 154, 155, 156, 158, 159, 160, 162, 163, 164]
x_98: [11, 36, 37, 39, 40, 41, 43, 44, 46, 47, 48, 53, 55, 56, 57, 59, 60, 61, 63, 64, 75, 77, 78, 79, 81, 82, 83, 85, 86, 90, 91, 93, 94, 95, 96, 97, 99, 101, 102, 107, 109, 110, 111, 113, 114, 115, 117, 118, 130, 136, 137, 139, 140, 141, 143, 144, 146, 147, 148, 153, 155, 156, 157, 159, 160, 161, 163, 164]
x_99: [37, 38, 40, 44, 45, 47, 49, 50, 52, 57, 58, 60, 61, 62, 64, 72, 74, 79, 80, 82, 83, 84, 86, 87, 88, 90, 91, 95, 96, 98, 100, 101, 102, 103, 104, 106, 111, 112, 114, 115, 116, 118, 131, 137, 138, 140, 144, 145, 147, 149, 150, 152, 157, 158, 160, 161, 162, 164]
x_100: [35, 37, 38, 39, 41, 42, 44, 45, 46, 48, 49, 50, 51, 57, 58, 59, 61, 62, 63, 72, 73, 79, 80, 81, 83, 84, 85, 87, 88, 89, 92, 95, 96, 97, 99, 101, 102, 103, 104, 105, 111, 112, 113, 115, 116, 117, 132, 135, 137, 138, 139, 141, 142, 144, 145, 146, 148, 149, 150, 151, 157, 158, 159, 161, 162, 163]
x_101: [12, 35, 38, 39, 40, 41, 42, 45, 46, 47, 48, 50, 51, 52, 58, 59, 60, 62, 63, 64, 72, 73, 74, 80, 81, 82, 84, 85, 86, 88, 89, 90, 93, 96, 97, 98, 99, 100, 102, 104, 105, 106, 112, 113, 114, 116, 117, 118, 133, 135, 138, 139, 140, 141, 142, 145, 146, 147, 148, 150, 151, 152, 158, 159, 160, 162, 163, 164]
x_102: [35, 37, 39, 40, 41, 42, 44, 46, 47, 48, 49, 51, 52, 57, 59, 60, 61, 63, 64, 73, 74, 79, 81, 82, 83, 85, 86, 87, 89, 90, 94, 95, 97, 98, 99, 100, 101, 103, 105, 106, 111, 113, 114, 115, 117, 118, 134, 135, 137, 139, 140, 141, 142, 144, 146, 147, 148, 149, 151, 152, 157, 159, 160, 161, 163, 164]
x_103: [49, 50, 52, 53, 54, 56, 61, 62, 64, 87, 88, 90, 91, 92, 94, 99, 100, 102, 104, 105, 106, 107, 108, 110, 111, 115, 116, 118, 119, 120, 122, 123, 124, 126, 131, 132, 134, 149, 150, 152, 153, 154, 156, 161, 162, 164]
x_104: [13, 42, 43, 48, 49, 50, 51, 53, 54, 55, 61, 62, 63, 65, 66, 71, 72, 87, 88, 89, 91, 92, 93, 99, 100, 101, 103, 105, 106, 107, 108, 109, 112, 115, 116, 117, 119, 120, 121, 123, 124, 125, 131, 132, 133, 142, 143, 148, 149, 150, 151, 153, 154, 155, 161, 162, 163, 165, 166, 171]
x_105: [14, 42, 43, 48, 50, 51, 52, 54, 55, 56, 62, 63, 64, 65, 66, 71, 73, 88, 89, 90, 92, 93, 94, 100, 101, 102, 103, 104, 106, 108, 109, 110, 113, 116, 117, 118, 120, 121, 122, 124, 125, 126, 132, 133, 134, 142, 143, 148, 150, 151, 152, 154, 155, 156, 162, 163, 164, 165, 166, 171]
x_106: [15, 42, 43, 48, 49, 51, 52, 53, 55, 56, 61, 63, 64, 65, 66, 71, 74, 87, 89, 90, 91, 93, 94, 99, 101, 102, 103, 104, 105, 107, 109, 110, 114, 115, 117, 118, 119, 121, 122, 123, 125, 126, 131, 133, 134, 142, 143, 148, 149, 151, 152, 153, 155, 156, 161, 163, 164, 165, 166, 171]
x_107: [16, 44, 45, 47, 49, 50, 52, 53, 54, 56, 57, 58, 60, 67, 68, 70, 75, 87, 88, 90, 91, 92, 94, 95, 96, 98, 103, 104, 106, 108, 109, 110, 111, 112, 114, 115, 119, 120, 122, 123, 124, 126, 127, 128, 130, 144, 145, 147, 149, 150, 152, 153, 154, 156, 157, 158, 160, 167, 168, 170]
x_108: [17, 42, 43, 44, 45, 46, 49, 50, 51, 53, 54, 55, 57, 58, 59, 65, 66, 67, 68, 69, 76, 87, 88, 89, 91, 92, 93, 95, 96, 97, 103, 104, 105, 107, 109, 110, 111, 112, 113, 116, 119, 120, 121, 123, 124, 125, 127, 128, 129, 142, 143, 144, 145, 146, 149, 150, 151, 153, 154, 155, 157, 158, 159, 165, 166, 167, 168, 169]
x_109: [18, 42, 43, 45, 46, 47, 50, 51, 52, 54, 55, 56, 58, 59, 60, 65, 66, 68, 69, 70, 77, 88, 89, 90, 92, 93, 94, 96, 97, 98, 104, 105, 106, 107, 108, 110, 112, 113, 114, 117, 120, 121, 122, 124, 125, 126, 128, 129, 130, 142, 143, 145, 146, 147, 150, 151, 152, 154, 155, 156, 158, 159, 160, 165, 166, 168, 169, 170]
x_110: [19, 42, 43, 44, 46, 47, 49, 51, 52, 53, 55, 56, 57, 59, 60, 65, 66, 67, 69, 70, 78, 87, 89, 90, 91, 93, 94, 95, 97, 98, 103, 105, 106, 107, 108, 109, 111, 113, 114, 118, 119, 121, 122, 123, 125, 126, 127, 129, 130, 142, 143, 144, 146, 147, 149, 151, 152, 153, 155, 156, 157, 159, 160, 165, 166, 167, 169, 170]
x_111: [20, 44, 45, 47, 53, 54, 56, 57, 58, 60, 61, 62, 64, 67, 68, 70, 79, 91, 92, 94, 95, 96, 98, 99, 100, 102, 103, 107, 108, 110, 112, 113, 114, 115, 116, 118, 123, 124, 126, 127, 128, 130, 131, 132, 134, 144, 145, 147, 153, 154, 156, 157, 158, 160, 161, 162, 164, 167, 168, 170]
x_112: [21, 43, 44, 45, 46, 48, 53, 54, 55, 57, 58, 59, 61, 62, 63, 66, 67, 68, 69, 71, 80, 91, 92, 93, 95, 96, 97, 99, 100, 101, 104, 107, 108, 109, 111, 113, 114, 115, 116, 117, 123, 124, 125, 127, 128, 129, 131, 132, 133, 143, 144, 145, 146, 148, 153, 154, 155, 157, 158, 159, 161, 162, 163, 166, 167, 168, 169, 171]
x_113: [22, 43, 45, 46, 47, 48, 54, 55, 56, 58, 59, 60, 62, 63, 64, 66, 68, 69, 70, 71, 81, 92, 93, 94, 96, 97, 98, 100, 101, 102, 105, 108, 109, 110, 111, 112, 114, 116, 117, 118, 124, 125, 126, 128, 129, 130, 132, 133, 134, 143, 145, 146, 147, 148, 154, 155, 156, 158, 159, 160, 162, 163, 164, 166, 168, 169, 170, 171]
x_114: [23, 43, 44, 46, 47, 48, 53, 55, 56, 57, 59, 60, 61, 63, 64, 66, 67, 69, 70, 71, 82, 91, 93, 94, 95, 97, 98, 99, 101, 102, 106, 107, 109, 110, 111, 112, 113, 115, 117, 118, 123, 125, 126, 127, 129, 130, 131, 133, 134, 143, 144, 146, 147, 148, 153, 155, 156, 157, 159, 160, 161, 163, 164, 166, 167, 169, 170, 171]
x_115: [24, 44, 45, 47, 49, 50, 52, 57, 58, 60, 61, 62, 64, 67, 68, 70, 83, 87, 88, 90, 95, 96, 98, 99, 100, 102, 103, 104, 106, 107, 111, 112, 114, 116, 117, 118, 119, 120, 122, 127, 128, 130, 131, 132, 134, 144, 145, 147, 149, 150, 152, 157, 158, 160, 161, 162, 164, 167, 168, 170]
x_116: [25, 42, 44, 45, 46, 48, 49, 50, 51, 57, 58, 59, 61, 62, 63, 65, 67, 68, 69, 71, 84, 87, 88, 89, 95, 96, 97, 99, 100, 101, 103, 104, 105, 108, 111, 112, 113, 115, 117, 118, 119, 120, 121, 127, 128, 129, 131, 132, 133, 142, 144, 145, 146, 148, 149, 150, 151, 157, 158, 159, 161, 162, 163, 165, 167, 168, 169, 171]
x_117: [26, 42, 45, 46, 47, 48, 50, 51, 52, 58, 59, 60, 62, 63, 64, 65, 68, 69, 70, 71, 85, 88, 89, 90, 96, 97, 98, 100, 101, 102, 104, 105, 106, 109, 112, 113, 114, 115, 116, 118, 120, 121, 122, 128, 129, 130, 132, 133, 134, 142, 145, 146, 147, 148, 150, 151, 152, 158, 159, 160, 162, 163, 164, 165, 168, 169, 170, 171]
x_118: [27, 42, 44, 46, 47, 48, 49, 51, 52, 57, 59, 60, 61, 63, 64, 65, 67, 69, 70, 71, 86, 87, 89, 90, 95, 97, 98, 99, 101, 102, 103, 105, 106, 110, 111, 113, 114, 115, 116, 117, 119, 121, 122, 127, 129, 130, 131, 133, 134, 142, 144, 146, 147, 148, 149, 151, 152, 157, 159, 160, 161, 163, 164, 165, 167, 169, 170, 171]
x_119: [49, 50, 52, 53, 54, 56, 61, 62, 64, 72, 74, 75, 76, 78, 83, 84, 86, 87, 103, 104, 106, 107, 108, 110, 115, 116, 118, 120, 121, 122, 123, 124, 126, 127, 131, 132, 134, 149, 150, 152, 153, 154, 156, 161, 162, 164]
x_120: [35, 36, 41, 49, 50, 51, 53, 54, 55, 61, 62, 63, 65, 66, 71, 72, 73, 75, 76, 77, 83, 84, 85, 88, 103, 104, 105, 107, 108, 109, 115, 116, 117, 119, 121, 122, 123, 124, 125, 128, 131, 132, 133, 135, 136, 141, 149, 150, 151, 153, 154, 155, 161, 162, 163, 165, 166, 171]
x_121: [28, 35, 36, 41, 50, 51, 52, 54, 55, 56, 62, 63, 64, 65, 66, 71, 72, 73, 74, 76, 77, 78, 84, 85, 86, 89, 104, 105, 106, 108, 109, 110, 116, 117, 118, 119, 120, 122, 124, 125, 126, 129, 132, 133, 134, 135, 136, 141, 150, 151, 152, 154, 155, 156, 162, 163, 164, 165, 166, 171]
x_122: [35, 36, 41, 49, 51, 52, 53, 55, 56, 61, 63, 64, 65, 66, 71, 73, 74, 75, 77, 78, 83, 85, 86, 90, 103, 105, 106, 107, 109, 110, 115, 117, 118, 119, 120, 121, 123, 125, 126, 130, 131, 133, 134, 135, 136, 141, 149, 151, 152, 153, 155, 156, 161, 163, 164, 165, 166, 171]
x_123: [37, 38, 40, 49, 50, 52, 53, 54, 56, 57, 58, 60, 67, 68, 70, 72, 74, 75, 76, 78, 79, 80, 82, 91, 103, 104, 106, 107, 108, 110, 111, 112, 114, 119, 120, 122, 124, 125, 126, 127, 128, 130, 131, 137, 138, 140, 149, 150, 152, 153, 154, 156, 157, 158, 160, 167, 168, 170]
x_124: [35, 36, 37, 38, 39, 49, 50, 51, 53, 54, 55, 57, 58, 59, 65, 66, 67, 68, 69, 72, 73, 75, 76, 77, 79, 80, 81, 92, 103, 104, 105, 107, 108, 109, 111, 112, 113, 119, 120, 121, 123, 125, 126, 127, 128, 129, 132, 135, 136, 137, 138, 139, 149, 150, 151, 153, 154, 155, 157, 158, 159, 165, 166, 167, 168, 169]
x_125: [29, 35, 36, 38, 39, 40, 50, 51, 52, 54, 55, 56, 58, 59, 60, 65, 66, 68, 69, 70, 72, 73, 74, 76, 77, 78, 80, 81, 82, 93, 104, 105, 106, 108, 109, 110, 112, 113, 114, 120, 121, 122, 123, 124, 126, 128, 129, 130, 133, 135, 136, 138, 139, 140, 150, 151, 152, 154, 155, 156, 158, 159, 160, 165, 166, 168, 169, 170]
x_126: [35, 36, 37, 39, 40, 49, 51, 52, 53, 55, 56, 57, 59, 60, 65, 66, 67, 69, 70, 73, 74, 75, 77, 78, 79, 81, 82, 94, 103, 105, 106, 107, 109, 110, 111, 113, 114, 119, 121, 122, 123, 124, 125, 127, 129, 130, 134, 135, 136, 137, 139, 140, 149, 151, 152, 153, 155, 156, 157, 159, 160, 165, 166, 167, 169, 170]
x_127: [30, 37, 38, 40, 53, 54, 56, 57, 58, 60, 61, 62, 64, 67, 68, 70, 75, 76, 78, 79, 80, 82, 83, 84, 86, 95, 107, 108, 110, 111, 112, 114, 115, 116, 118, 119, 123, 124, 126, 128, 129, 130, 131, 132, 134, 137, 138, 140, 153, 154, 156, 157, 158, 160, 161, 162, 164, 167, 168, 170]
x_128: [31, 36, 37, 38, 39, 41, 53, 54, 55, 57, 58, 59, 61, 62, 63, 66, 67, 68, 69, 71, 75, 76, 77, 79, 80, 81, 83, 84, 85, 96, 107, 108, 109, 111, 112, 113, 115, 116, 117, 120, 123, 124, 125, 127, 129, 130, 131, 132, 133, 136, 137, 138, 139, 141, 153, 154, 155, 157, 158, 159, 161, 162, 163, 166, 167, 168, 169, 171]
x_129: [32, 36, 38, 39, 40, 41, 54, 55, 56, 58, 59, 60, 62, 63, 64, 66, 68, 69, 70, 71, 76, 77, 78, 80, 81, 82, 84, 85, 86, 97, 108, 109, 110, 112, 113, 114, 116, 117, 118, 121, 124, 125, 126, 127, 128, 130, 132, 133, 134, 136, 138, 139, 140, 141, 154, 155, 156, 158, 159, 160, 162, 163, 164, 166, 168, 169, 170, 171]
x_130: [33, 36, 37, 39, 40, 41, 53, 55, 56, 57, 59, 60, 61, 63, 64, 66, 67, 69, 70, 71, 75, 77, 78, 79, 81, 82, 83, 85, 86, 98, 107, 109, 110, 111, 113, 114, 115, 117, 118, 122, 123, 125, 126, 127, 128, 129, 131, 133, 134, 136, 137, 139, 140, 141, 153, 155, 156, 157, 159, 160, 161, 163, 164, 166, 167, 169, 170, 171]
x_131: [37, 38, 40, 49, 50, 52, 57, 58, 60, 61, 62, 64, 67, 68, 70, 72, 74, 79, 80, 82, 83, 84, 86, 99, 103, 104, 106, 111, 112, 114, 115, 116, 118, 119, 120, 122, 123, 127, 128, 130, 132, 133, 134, 137, 138, 140, 149, 150, 152, 157, 158, 160, 161, 162, 164, 167, 168, 170]
x_132: [35, 37, 38, 39, 41, 49, 50, 51, 57, 58, 59, 61, 62, 63, 65, 67, 68, 69, 71, 72, 73, 79, 80, 81, 83, 84, 85, 100, 103, 104, 105, 111, 112, 113, 115, 116, 117, 119, 120, 121, 124, 127, 128, 129, 131, 133, 134, 135, 137, 138, 139, 141, 149, 150, 151, 157, 158, 159, 161, 162, 163, 165, 167, 168, 169, 171]
x_133: [34, 35, 38, 39, 40, 41, 50, 51, 52, 58, 59, 60, 62, 63, 64, 65, 68, 69, 70, 71, 72, 73, 74, 80, 81, 82, 84, 85, 86, 101, 104, 105, 106, 112, 113, 114, 116, 117, 118, 120, 121, 122, 125, 128, 129, 130, 131, 132, 134, 135, 138, 139, 140, 141, 150, 151, 152, 158, 159, 160, 162, 163, 164, 165, 168, 169, 170, 171]
x_134: [35, 37, 39, 40, 41, 49, 51, 52, 57, 59, 60, 61, 63, 64, 65, 67, 69, 70, 71, 73, 74, 79, 81, 82, 83, 85, 86, 102, 103, 105, 106, 111, 113, 114, 115, 117, 118, 119, 121, 122, 126, 127, 129, 130, 131, 132, 133, 135, 137, 139, 140, 141, 149, 151, 152, 157, 159, 160, 161, 163, 164, 165, 167, 169, 170, 171]
x_135: [1, 5, 6, 7, 12, 28, 29, 34, 35, 72, 73, 74, 76, 77, 78, 84, 85, 86, 88, 89, 90, 92, 93, 94, 100, 101, 102, 120, 121, 122, 124, 125, 126, 132, 133, 134, 136, 139, 141, 142, 143, 148, 151, 165, 166, 171]
x_136: [1, 2, 3, 4, 6, 7, 9, 10, 11, 28, 29, 31, 32, 33, 36, 72, 73, 74, 76, 77, 78, 80, 81, 82, 88, 89, 90, 92, 93, 94, 96, 97, 98, 120, 121, 122, 124, 125, 126, 128, 129, 130, 135, 138, 139, 140, 141, 142, 143, 145, 146, 147, 155, 165, 166, 168, 169, 170]
x_137: [2, 4, 8, 9, 11, 30, 31, 33, 37, 75, 76, 78, 79, 80, 82, 83, 84, 86, 91, 92, 94, 95, 96, 98, 99, 100, 102, 123, 124, 126, 127, 128, 130, 131, 132, 134, 138, 139, 140, 144, 145, 147, 157, 167, 168, 170]
x_138: [1, 2, 3, 5, 7, 8, 9, 10, 12, 29, 30, 31, 32, 34, 38, 75, 76, 77, 79, 80, 81, 83, 84, 85, 91, 92, 93, 95, 96, 97, 99, 100, 101, 123, 124, 125, 127, 128, 129, 131, 132, 133, 136, 137, 139, 140, 141, 143, 144, 145, 146, 148, 158, 166, 167, 168, 169, 171]
x_139: [1, 2, 3, 4, 5, 7, 9, 10, 11, 12, 29, 31, 32, 33, 34, 39, 76, 77, 78, 80, 81, 82, 84, 85, 86, 92, 93, 94, 96, 97, 98, 100, 101, 102, 124, 125, 126, 128, 129, 130, 132, 133, 134, 135, 136, 137, 138, 140, 141, 143, 145, 146, 147, 148, 159, 166, 168, 169, 170, 171]
x_140: [1, 3, 4, 5, 7, 8, 10, 11, 12, 29, 30, 32, 33, 34, 40, 75, 77, 78, 79, 81, 82, 83, 85, 86, 91, 93, 94, 95, 97, 98, 99, 101, 102, 123, 125, 126, 127, 129, 130, 131, 133, 134, 136, 137, 138, 139, 141, 143, 144, 146, 147, 148, 160, 166, 167, 169, 170, 171]
x_141: [2, 3, 4, 5, 6, 9, 10, 11, 12, 28, 31, 32, 33, 34, 41, 72, 73, 74, 80, 81, 82, 84, 85, 86, 88, 89, 90, 96, 97, 98, 100, 101, 102, 120, 121, 122, 128, 129, 130, 132, 133, 134, 135, 136, 138, 139, 140, 142, 145, 146, 147, 148, 163, 165, 168, 169, 170, 171]
x_142: [1, 5, 6, 7, 12, 13, 14, 15, 17, 18, 19, 25, 26, 27, 42, 72, 73, 74, 76, 77, 78, 84, 85, 86, 88, 89, 90, 92, 93, 94, 100, 101, 102, 104, 105, 106, 108, 109, 110, 116, 117, 118, 135, 136, 141, 143, 146, 148, 150, 151, 152, 154, 155, 156, 162, 163, 164, 165]
x_143: [1, 2, 3, 4, 6, 7, 9, 10, 11, 13, 14, 15, 17, 18, 19, 21, 22, 23, 43, 72, 73, 74, 76, 77, 78, 80, 81, 82, 88, 89, 90, 92, 93, 94, 96, 97, 98, 104, 105, 106, 108, 109, 110, 112, 113, 114, 135, 136, 138, 139, 140, 142, 145, 146, 147, 148, 150, 151, 152, 154, 155, 156, 158, 159, 160, 166]
x_144: [2, 4, 8, 9, 11, 16, 17, 19, 20, 21, 23, 24, 25, 27, 44, 75, 76, 78, 79, 80, 82, 83, 84, 86, 91, 92, 94, 95, 96, 98, 99, 100, 102, 107, 108, 110, 111, 112, 114, 115, 116, 118, 137, 138, 140, 145, 146, 147, 153, 154, 156, 157, 158, 160, 161, 162, 164, 167]
x_145: [1, 2, 3, 5, 7, 8, 9, 10, 12, 16, 17, 18, 20, 21, 22, 24, 25, 26, 45, 75, 76, 77, 79, 80, 81, 83, 84, 85, 91, 92, 93, 95, 96, 97, 99, 100, 101, 107, 108, 109, 111, 112, 113, 115, 116, 117, 136, 137, 138, 139, 141, 143, 144, 146, 147, 148, 153, 154, 155, 157, 158, 159, 161, 162, 163, 168]
x_146: [1, 2, 3, 4, 5, 7, 9, 10, 11, 12, 17, 18, 19, 21, 22, 23, 25, 26, 27, 46, 76, 77, 78, 80, 81, 82, 84, 85, 86, 92, 93, 94, 96, 97, 98, 100, 101, 102, 108, 109, 110, 112, 113, 114, 116, 117, 118, 136, 138, 139, 140, 141, 142, 143, 144, 145, 147, 148, 154, 155, 156, 158, 159, 160, 162, 163, 164, 169]
x_147: [1, 3, 4, 5, 7, 8, 10, 11, 12, 16, 18, 19, 20, 22, 23, 24, 26, 27, 47, 75, 77, 78, 79, 81, 82, 83, 85, 86, 91, 93, 94, 95, 97, 98, 99, 101, 102, 107, 109, 110, 111, 113, 114, 115, 117, 118, 136, 137, 139, 140, 141, 143, 144, 145, 146, 148, 153, 155, 156, 157, 159, 160, 161, 163, 164, 170]
x_148: [2, 3, 4, 5, 6, 9, 10, 11, 12, 13, 14, 15, 21, 22, 23, 25, 26, 27, 48, 72, 73, 74, 80, 81, 82, 84, 85, 86, 88, 89, 90, 96, 97, 98, 100, 101, 102, 104, 105, 106, 112, 113, 114, 116, 117, 118, 135, 138, 139, 140, 141, 142, 143, 145, 146, 147, 150, 151, 152, 158, 159, 160, 162, 163, 164, 171]
x_149: [13, 15, 16, 17, 19, 24, 25, 27, 49, 87, 88, 90, 91, 92, 94, 99, 100, 102, 103, 104, 106, 107, 108, 110, 115, 116, 118, 119, 120, 122, 123, 124, 126, 131, 132, 134, 150, 151, 152, 153, 154, 156, 157, 161, 162, 164]
x_150: [6, 7, 12, 13, 14, 16, 17, 18, 24, 25, 26, 28, 29, 34, 50, 87, 88, 89, 91, 92, 93, 99, 100, 101, 103, 104, 105, 107, 108, 109, 115, 116, 117, 119, 120, 121, 123, 124, 125, 131, 132, 133, 142, 143, 148, 149, 151, 152, 153, 154, 155, 158, 161, 162, 163, 165, 166, 171]
x_151: [6, 7, 12, 13, 14, 15, 17, 18, 19, 25, 26, 27, 28, 29, 34, 51, 88, 89, 90, 92, 93, 94, 100, 101, 102, 104, 105, 106, 108, 109, 110, 116, 117, 118, 120, 121, 122, 124, 125, 126, 132, 133, 134, 135, 142, 143, 148, 149, 150, 152, 154, 155, 156, 159, 162, 163, 164, 165, 166, 171]
x_152: [6, 7, 12, 14, 15, 16, 18, 19, 24, 26, 27, 28, 29, 34, 52, 87, 89, 90, 91, 93, 94, 99, 101, 102, 103, 105, 106, 107, 109, 110, 115, 117, 118, 119, 121, 122, 123, 125, 126, 131, 133, 134, 142, 143, 148, 149, 150, 151, 153, 155, 156, 160, 161, 163, 164, 165, 166, 171]
x_153: [8, 9, 11, 13, 15, 16, 17, 19, 20, 21, 23, 30, 31, 33, 53, 87, 88, 90, 91, 92, 94, 95, 96, 98, 103, 104, 106, 107, 108, 110, 111, 112, 114, 119, 120, 122, 123, 124, 126, 127, 128, 130, 144, 145, 147, 149, 150, 152, 154, 155, 156, 157, 158, 160, 161, 167, 168, 170]
x_154: [6, 7, 8, 9, 10, 13, 14, 16, 17, 18, 20, 21, 22, 28, 29, 30, 31, 32, 54, 87, 88, 89, 91, 92, 93, 95, 96, 97, 103, 104, 105, 107, 108, 109, 111, 112, 113, 119, 120, 121, 123, 124, 125, 127, 128, 129, 142, 143, 144, 145, 146, 149, 150, 151, 153, 155, 156, 157, 158, 159, 162, 165, 166, 167, 168, 169]
x_155: [6, 7, 9, 10, 11, 13, 14, 15, 17, 18, 19, 21, 22, 23, 28, 29, 31, 32, 33, 55, 88, 89, 90, 92, 93, 94, 96, 97, 98, 104, 105, 106, 108, 109, 110, 112, 113, 114, 120, 121, 122, 124, 125, 126, 128, 129, 130, 136, 142, 143, 145, 146, 147, 150, 151, 152, 153, 154, 156, 158, 159, 160, 163, 165, 166, 168, 169, 170]
x_156: [6, 7, 8, 10, 11, 14, 15, 16, 18, 19, 20, 22, 23, 28, 29, 30, 32, 33, 56, 87, 89, 90, 91, 93, 94, 95, 97, 98, 103, 105, 106, 107, 109, 110, 111, 113, 114, 119, 121, 122, 123, 125, 126, 127, 129, 130, 142, 143, 144, 146, 147, 149, 151, 152, 153, 154, 155, 157, 159, 160, 164, 165, 166, 167, 169, 170]
x_157: [8, 9, 11, 16, 17, 19, 20, 21, 23, 24, 25, 27, 30, 31, 33, 57, 91, 92, 94, 95, 96, 98, 99, 100, 102, 107, 108, 110, 111, 112, 114, 115, 116, 118, 123, 124, 126, 127, 128, 130, 131, 132, 134, 137, 144, 145, 147, 149, 153, 154, 156, 158, 159, 160, 161, 162, 164, 167, 168, 170]
x_158: [7, 8, 9, 10, 12, 16, 17, 18, 20, 21, 22, 24, 25, 26, 29, 30, 31, 32, 34, 58, 91, 92, 93, 95, 96, 97, 99, 100, 101, 107, 108, 109, 111, 112, 113, 115, 116, 117, 123, 124, 125, 127, 128, 129, 131, 132, 133, 138, 143, 144, 145, 146, 148, 150, 153, 154, 155, 157, 159, 160, 161, 162, 163, 166, 167, 168, 169, 171]
x_159: [7, 9, 10, 11, 12, 17, 18, 19, 21, 22, 23, 25, 26, 27, 29, 31, 32, 33, 34, 59, 92, 93, 94, 96, 97, 98, 100, 101, 102, 108, 109, 110, 112, 113, 114, 116, 117, 118, 124, 125, 126, 128, 129, 130, 132, 133, 134, 139, 143, 145, 146, 147, 148, 151, 154, 155, 156, 157, 158, 160, 162, 163, 164, 166, 168, 169, 170, 171]
x_160: [7, 8, 10, 11, 12, 16, 18, 19, 20, 22, 23, 24, 26, 27, 29, 30, 32, 33, 34, 60, 91, 93, 94, 95, 97, 98, 99, 101, 102, 107, 109, 110, 111, 113, 114, 115, 117, 118, 123, 125, 126, 127, 129, 130, 131, 133, 134, 140, 143, 144, 146, 147, 148, 152, 153, 155, 156, 157, 158, 159, 161, 163, 164, 166, 167, 169, 170, 171]
x_161: [8, 9, 11, 13, 15, 20, 21, 23, 24, 25, 27, 30, 31, 33, 61, 87, 88, 90, 95, 96, 98, 99, 100, 102, 103, 104, 106, 111, 112, 114, 115, 116, 118, 119, 120, 122, 127, 128, 130, 131, 132, 134, 144, 145, 147, 149, 150, 152, 153, 157, 158, 160, 162, 163, 164, 167, 168, 170]
x_162: [6, 8, 9, 10, 12, 13, 14, 20, 21, 22, 24, 25, 26, 28, 30, 31, 32, 34, 62, 87, 88, 89, 95, 96, 97, 99, 100, 101, 103, 104, 105, 111, 112, 113, 115, 116, 117, 119, 120, 121, 127, 128, 129, 131, 132, 133, 142, 144, 145, 146, 148, 149, 150, 151, 154, 157, 158, 159, 161, 163, 164, 165, 167, 168, 169, 171]
x_163: [6, 9, 10, 11, 12, 13, 14, 15, 21, 22, 23, 25, 26, 27, 28, 31, 32, 33, 34, 63, 88, 89, 90, 96, 97, 98, 100, 101, 102, 104, 105, 106, 112, 113, 114, 116, 117, 118, 120, 121, 122, 128, 129, 130, 132, 133, 134, 141, 142, 145, 146, 147, 148, 150, 151, 152, 155, 158, 159, 160, 161, 162, 164, 165, 168, 169, 170, 171]
x_164: [6, 8, 10, 11, 12, 14, 15, 20, 22, 23, 24, 26, 27, 28, 30, 32, 33, 34, 64, 87, 89, 90, 95, 97, 98, 99, 101, 102, 103, 105, 106, 111, 113, 114, 115, 117, 118, 119, 121, 122, 127, 129, 130, 131, 133, 134, 142, 144, 146, 147, 148, 149, 151, 152, 156, 157, 159, 160, 161, 162, 163, 165, 167, 169, 170, 171]
x_165: [1, 5, 13, 14, 15, 17, 18, 19, 25, 26, 27, 28, 29, 34, 65, 72, 73, 74, 76, 77, 78, 84, 85, 86, 104, 105, 106, 108, 109, 110, 116, 117, 118, 120, 121, 122, 124, 125, 126, 132, 133, 134, 135, 136, 141, 142, 150, 151, 152, 154, 155, 156, 162, 163, 164, 166, 169, 171]
x_166: [1, 2, 3, 4, 13, 14, 15, 17, 18, 19, 21, 22, 23, 28, 29, 31, 32, 33, 66, 72, 73, 74, 76, 77, 78, 80, 81, 82, 104, 105, 106, 108, 109, 110, 112, 113, 114, 120, 121, 122, 124, 125, 126, 128, 129, 130, 135, 136, 138, 139, 140, 143, 150, 151, 152, 154, 155, 156, 158, 159, 160, 165, 168, 169, 170, 171]
x_167: [2, 4, 16, 17, 19, 20, 21, 23, 24, 25, 27, 30, 31, 33, 67, 75, 76, 78, 79, 80, 82, 83, 84, 86, 107, 108, 110, 111, 112, 114, 115, 116, 118, 123, 124, 126, 127, 128, 130, 131, 132, 134, 137, 138, 140, 144, 153, 154, 156, 157, 158, 160, 161, 162, 164, 168, 169, 170]
x_168: [1, 2, 3, 5, 16, 17, 18, 20, 21, 22, 24, 25, 26, 29, 30, 31, 32, 34, 68, 75, 76, 77, 79, 80, 81, 83, 84, 85, 107, 108, 109, 111, 112, 113, 115, 116, 117, 123, 124, 125, 127, 128, 129, 131, 132, 133, 136, 137, 138, 139, 141, 145, 153, 154, 155, 157, 158, 159, 161, 162, 163, 166, 167, 169, 170, 171]
x_169: [1, 2, 3, 4, 5, 17, 18, 19, 21, 22, 23, 25, 26, 27, 29, 31, 32, 33, 34, 69, 76, 77, 78, 80, 81, 82, 84, 85, 86, 108, 109, 110, 112, 113, 114, 116, 117, 118, 124, 125, 126, 128, 129, 130, 132, 133, 134, 136, 138, 139, 140, 141, 146, 154, 155, 156, 158, 159, 160, 162, 163, 164, 165, 166, 167, 168, 170, 171]
x_170: [1, 3, 4, 5, 16, 18, 19, 20, 22, 23, 24, 26, 27, 29, 30, 32, 33, 34, 70, 75, 77, 78, 79, 81, 82, 83, 85, 86, 107, 109, 110, 111, 113, 114, 115, 117, 118, 123, 125, 126, 127, 129, 130, 131, 133, 134, 136, 137, 139, 140, 141, 147, 153, 155, 156, 157, 159, 160, 161, 163, 164, 166, 167, 168, 169, 171]
x_171: [2, 3, 4, 5, 13, 14, 15, 21, 22, 23, 25, 26, 27, 28, 31, 32, 33, 34, 71, 72, 73, 74, 80, 81, 82, 84, 85, 86, 104, 105, 106, 112, 113, 114, 116, 117, 118, 120, 121, 122, 128, 129, 130, 132, 133, 134, 135, 138, 139, 140, 141, 148, 150, 151, 152, 158, 159, 160, 162, 163, 164, 165, 166, 168, 169, 170]