45
1 1 1 1 1 1 1 1 1 1 1 1 1 1 1 1 1 1 1 1 1 1 1 1 1 1 1 1 1 1 1 1 1 1 1 1 1 1 1 1 1 1 1 1 1
x_1: [10, 19, 22, 25]
x_2: [11, 28, 31, 34]
x_3: [12, 37, 40, 43]
x_4: [13, 23, 29, 44]
x_5: [14, 20, 32, 41]
x_6: [15, 26, 35, 38]
x_7: [16, 27, 33, 45]
x_8: [17, 24, 36, 42]
x_9: [18, 21, 30, 39]
x_10: [1, 11, 12]
x_11: [2, 10, 12]
x_12: [3, 10, 11]
x_13: [4, 14, 15]
x_14: [5, 13, 15]
x_15: [6, 13, 14]
x_16: [7, 17, 18]
x_17: [8, 16, 18]
x_18: [9, 16, 17]
x_19: [1, 20, 21]
x_20: [5, 19, 21]
x_21: [9, 19, 20]
x_22: [1, 23, 24]
x_23: [4, 22, 24]
x_24: [8, 22, 23]
x_25: [1, 26, 27]
x_26: [6, 25, 27]
x_27: [7, 25, 26]
x_28: [2, 29, 30]
x_29: [4, 28, 30]
x_30: [9, 28, 29]
x_31: [2, 32, 33]
x_32: [5, 31, 33]
x_33: [7, 31, 32]
x_34: [2, 35, 36]
x_35: [6, 34, 36]
x_36: [8, 34, 35]
x_37: [3, 38, 39]
x_38: [6, 37, 39]
x_39: [9, 37, 38]
x_40: [3, 41, 42]
x_41: [5, 40, 42]
x_42: [8, 40, 41]
x_43: [3, 44, 45]
x_44: [4, 43, 45]
x_45: [7, 43, 44]