1035
1 1 1 1 1 1 1 1 1 1 1 1 1 1 1 1 1 1 1 1 1 1 1 1 1 1 1 1 1 1 1 1 1 1 1 1 1 1 1 1 1 1 1 1 1 1 1 1 1 1 1 1 1 1 1 1 1 1 1 1 1 1 1 1 1 1 1 1 1 1 1 1 1 1 1 1 1 1 1 1 1 1 1 1 1 1 1 1 1 1 1 1 1 1 1 1 1 1 1 1 1 1 1 1 1 1 1 1 1 1 1 1 1 1 1 1 1 1 1 1 1 1 1 1 1 1 1 1 1 1 1 1 1 1 1 1 1 1 1 1 1 1 1 1 1 1 1 1 1 1 1 1 1 1 1 1 1 1 1 1 1 1 1 1 1 1 1 1 1 1 1 1 1 1 1 1 1 1 1 1 1 1 1 1 1 1 1 1 1 1 1 1 1 1 1 1 1 1 1 1 1 1 1 1 1 1 1 1 1 1 1 1 1 1 1 1 1 1 1 1 1 1 1 1 1 1 1 1 1 1 1 1 1 1 1 1 1 1 1 1 1 1 1 1 1 1 1 1 1 1 1 1 1 1 1 1 1 1 1 1 1 1 1 1 1 1 1 1 1 1 1 1 1 1 1 1 1 1 1 1 1 1 1 1 1 1 1 1 1 1 1 1 1 1 1 1 1 1 1 1 1 1 1 1 1 1 1 1 1 1 1 1 1 1 1 1 1 1 1 1 1 1 1 1 1 1 1 1 1 1 1 1 1 1 1 1 1 1 1 1 1 1 1 1 1 1 1 1 1 1 1 1 1 1 1 1 1 1 1 1 1 1 1 1 1 1 1 1 1 1 1 1 1 1 1 1 1 1 1 1 1 1 1 1 1 1 1 1 1 1 1 1 1 1 1 1 1 1 1 1 1 1 1 1 1 1 1 1 1 1 1 1 1 1 1 1 1 1 1 1 1 1 1 1 1 1 1 1 1 1 1 1 1 1 1 1 1 1 1 1 1 1 1 1 1 1 1 1 1 1 1 1 1 1 1 1 1 1 1 1 1 1 1 1 1 1 1 1 1 1 1 1 1 1 1 1 1 1 1 1 1 1 1 1 1 1 1 1 1 1 1 1 1 1 1 1 1 1 1 1 1 1 1 1 1 1 1 1 1 1 1 1 1 1 1 1 1 1 1 1 1 1 1 1 1 1 1 1 1 1 1 1 1 1 1 1 1 1 1 1 1 1 1 1 1 1 1 1 1 1 1 1 1 1 1 1 1 1 1 1 1 1 1 1 1 1 1 1 1 1 1 1 1 1 1 1 1 1 1 1 1 1 1 1 1 1 1 1 1 1 1 1 1 1 1 1 1 1 1 1 1 1 1 1 1 1 1 1 1 1 1 1 1 1 1 1 1 1 1 1 1 1 1 1 1 1 1 1 1 1 1 1 1 1 1 1 1 1 1 1 1 1 1 1 1 1 1 1 1 1 1 1 1 1 1 1 1 1 1 1 1 1 1 1 1 1 1 1 1 1 1 1 1 1 1 1 1 1 1 1 1 1 1 1 1 1 1 1 1 1 1 1 1 1 1 1 1 1 1 1 1 1 1 1 1 1 1 1 1 1 1 1 1 1 1 1 1 1 1 1 1 1 1 1 1 1 1 1 1 1 1 1 1 1 1 1 1 1 1 1 1 1 1 1 1 1 1 1 1 1 1 1 1 1 1 1 1 1 1 1 1 1 1 1 1 1 1 1 1 1 1 1 1 1 1 1 1 1 1 1 1 1 1 1 1 1 1 1 1 1 1 1 1 1 1 1 1 1 1 1 1 1 1 1 1 1 1 1 1 1 1 1 1 1 1 1 1 1 1 1 1 1 1 1 1 1 1 1 1 1 1 1 1 1 1 1 1 1 1 1 1 1 1 1 1 1 1 1 1 1 1 1 1 1 1 1 1 1 1 1 1 1 1 1 1 1 1 1 1 1 1 1 1 1 1 1 1 1 1 1 1 1 1 1 1 1 1 1 1 1 1 1 1 1 1 1 1 1 1 1 1 1 1 1 1 1 1 1 1 1 1 1 1 1 1 1 1 1 1 1 1 1 1 1 1 1 1 1 1 1 1 1 1 1 1 1 1 1 1 1 1 1 1 1 1 1 1 1 1 1 1 1 1 1 1 1 1 1 1 1 1 1 1 1 1 1 1 1 1 1 1 1 1 1 1 1 1 1 1 1 1 1 1 1 1 1 1 1 1 1 1 1 1 1 1 1 1 1 1 1 1 1 1 1 1 1 1 1 1 1 1 1 1 1 1 1 1 1 1 1 1 1 1 1 1 1 1 1 1 1 1 1 1 1 1
x_1: [52, 55, 64, 73, 106, 121, 136, 367, 370, 379, 388, 421, 436, 451, 472, 475, 484, 493, 526, 541, 556, 991]
x_2: [56, 58, 61, 67, 109, 124, 139, 373, 376, 382, 424, 439, 454, 478, 481, 487, 529, 544, 559, 580, 685, 994]
x_3: [46, 59, 65, 70, 112, 127, 142, 361, 385, 427, 442, 457, 466, 490, 532, 547, 562, 583, 589, 688, 694, 997]
x_4: [47, 49, 68, 74, 115, 130, 145, 364, 430, 445, 460, 469, 535, 550, 565, 571, 592, 598, 676, 697, 703, 1000]
x_5: [50, 53, 62, 71, 118, 133, 148, 433, 448, 463, 538, 553, 568, 574, 577, 586, 595, 679, 682, 691, 700, 1003]
x_6: [48, 63, 82, 85, 94, 103, 137, 397, 400, 409, 418, 502, 505, 514, 523, 661, 766, 781, 796, 886, 901, 1006]
x_7: [51, 66, 86, 88, 91, 97, 140, 403, 406, 412, 508, 511, 517, 610, 664, 715, 769, 784, 799, 889, 904, 1009]
x_8: [54, 69, 76, 89, 95, 100, 143, 391, 415, 496, 520, 613, 619, 667, 718, 724, 772, 787, 802, 892, 907, 1012]
x_9: [57, 72, 77, 79, 98, 104, 146, 394, 499, 601, 622, 628, 670, 706, 727, 733, 775, 790, 805, 895, 910, 1015]
x_10: [60, 75, 80, 83, 92, 101, 149, 604, 607, 616, 625, 673, 709, 712, 721, 730, 778, 793, 808, 898, 913, 1018]
x_11: [78, 93, 113, 116, 125, 134, 138, 637, 640, 649, 658, 742, 745, 754, 763, 811, 826, 871, 916, 931, 976, 1021]
x_12: [81, 96, 117, 119, 122, 128, 141, 643, 646, 652, 748, 751, 757, 814, 829, 850, 874, 919, 934, 955, 979, 1024]
x_13: [84, 99, 107, 120, 126, 131, 144, 631, 655, 736, 760, 817, 832, 853, 859, 877, 922, 937, 958, 964, 982, 1027]
x_14: [87, 102, 108, 110, 129, 135, 147, 634, 739, 820, 835, 841, 862, 868, 880, 925, 940, 946, 967, 973, 985, 1030]
x_15: [90, 105, 111, 114, 123, 132, 150, 823, 838, 844, 847, 856, 865, 883, 928, 943, 949, 952, 961, 970, 988, 1033]
x_16: [157, 160, 169, 178, 211, 226, 241, 578, 581, 590, 599, 632, 647, 662, 788, 791, 800, 809, 842, 857, 872, 992]
x_17: [161, 163, 166, 172, 214, 229, 244, 371, 584, 587, 593, 635, 650, 665, 794, 797, 803, 845, 860, 875, 896, 995]
x_18: [151, 164, 170, 175, 217, 232, 247, 374, 380, 572, 596, 638, 653, 668, 782, 806, 848, 863, 878, 899, 905, 998]
x_19: [152, 154, 173, 179, 220, 235, 250, 362, 383, 389, 575, 641, 656, 671, 785, 851, 866, 881, 887, 908, 914, 1001]
x_20: [155, 158, 167, 176, 223, 238, 253, 365, 368, 377, 386, 644, 659, 674, 854, 869, 884, 890, 893, 902, 911, 1004]
x_21: [153, 168, 187, 190, 199, 208, 242, 452, 467, 482, 608, 611, 620, 629, 677, 692, 818, 821, 830, 839, 977, 1007]
x_22: [156, 171, 191, 193, 196, 202, 245, 401, 455, 470, 485, 614, 617, 623, 680, 695, 824, 827, 833, 926, 980, 1010]
x_23: [159, 174, 181, 194, 200, 205, 248, 404, 410, 458, 473, 488, 602, 626, 683, 698, 812, 836, 929, 935, 983, 1013]
x_24: [162, 177, 182, 184, 203, 209, 251, 392, 413, 419, 461, 476, 491, 605, 686, 701, 815, 917, 938, 944, 986, 1016]
x_25: [165, 180, 185, 188, 197, 206, 254, 395, 398, 407, 416, 464, 479, 494, 689, 704, 920, 923, 932, 941, 989, 1019]
x_26: [183, 198, 218, 221, 230, 239, 243, 428, 431, 440, 449, 497, 512, 557, 707, 722, 767, 953, 956, 965, 974, 1022]
x_27: [186, 201, 222, 224, 227, 233, 246, 434, 437, 443, 500, 515, 536, 560, 710, 725, 746, 770, 959, 962, 968, 1025]
x_28: [189, 204, 212, 225, 231, 236, 249, 422, 446, 503, 518, 539, 545, 563, 713, 728, 749, 755, 773, 947, 971, 1028]
x_29: [192, 207, 213, 215, 234, 240, 252, 425, 506, 521, 527, 548, 554, 566, 716, 731, 737, 758, 764, 776, 950, 1031]
x_30: [195, 210, 216, 219, 228, 237, 255, 509, 524, 530, 533, 542, 551, 569, 719, 734, 740, 743, 752, 761, 779, 1034]
x_31: [262, 265, 274, 283, 316, 331, 346, 684, 687, 696, 705, 738, 753, 768, 894, 897, 906, 915, 948, 963, 978, 993]
x_32: [266, 268, 271, 277, 319, 334, 349, 477, 690, 693, 699, 741, 756, 771, 792, 900, 903, 909, 951, 966, 981, 996]
x_33: [256, 269, 275, 280, 322, 337, 352, 480, 486, 678, 702, 744, 759, 774, 795, 801, 888, 912, 954, 969, 984, 999]
x_34: [257, 259, 278, 284, 325, 340, 355, 468, 489, 495, 681, 747, 762, 777, 783, 804, 810, 891, 957, 972, 987, 1002]
x_35: [260, 263, 272, 281, 328, 343, 358, 471, 474, 483, 492, 750, 765, 780, 786, 789, 798, 807, 960, 975, 990, 1005]
x_36: [258, 273, 292, 295, 304, 313, 347, 363, 378, 558, 573, 588, 714, 717, 726, 735, 873, 924, 927, 936, 945, 1008]
x_37: [261, 276, 296, 298, 301, 307, 350, 366, 381, 507, 561, 576, 591, 720, 723, 729, 822, 876, 930, 933, 939, 1011]
x_38: [264, 279, 286, 299, 305, 310, 353, 369, 384, 510, 516, 564, 579, 594, 708, 732, 825, 831, 879, 918, 942, 1014]
x_39: [267, 282, 287, 289, 308, 314, 356, 372, 387, 498, 519, 525, 567, 582, 597, 711, 813, 834, 840, 882, 921, 1017]
x_40: [270, 285, 290, 293, 302, 311, 359, 375, 390, 501, 504, 513, 522, 570, 585, 600, 816, 819, 828, 837, 885, 1020]
x_41: [288, 303, 323, 326, 335, 344, 348, 393, 408, 453, 534, 537, 546, 555, 603, 618, 663, 849, 852, 861, 870, 1023]
x_42: [291, 306, 327, 329, 332, 338, 351, 396, 411, 432, 456, 540, 543, 549, 606, 621, 642, 666, 855, 858, 864, 1026]
x_43: [294, 309, 317, 330, 336, 341, 354, 399, 414, 435, 441, 459, 528, 552, 609, 624, 645, 651, 669, 843, 867, 1029]
x_44: [297, 312, 318, 320, 339, 345, 357, 402, 417, 423, 444, 450, 462, 531, 612, 627, 633, 654, 660, 672, 846, 1032]
x_45: [300, 315, 321, 324, 333, 342, 360, 405, 420, 426, 429, 438, 447, 465, 615, 630, 636, 639, 648, 657, 675, 1035]
x_46: [3, 47, 48]
x_47: [4, 46, 48]
x_48: [6, 46, 47]
x_49: [4, 50, 51]
x_50: [5, 49, 51]
x_51: [7, 49, 50]
x_52: [1, 53, 54]
x_53: [5, 52, 54]
x_54: [8, 52, 53]
x_55: [1, 56, 57]
x_56: [2, 55, 57]
x_57: [9, 55, 56]
x_58: [2, 59, 60]
x_59: [3, 58, 60]
x_60: [10, 58, 59]
x_61: [2, 62, 63]
x_62: [5, 61, 63]
x_63: [6, 61, 62]
x_64: [1, 65, 66]
x_65: [3, 64, 66]
x_66: [7, 64, 65]
x_67: [2, 68, 69]
x_68: [4, 67, 69]
x_69: [8, 67, 68]
x_70: [3, 71, 72]
x_71: [5, 70, 72]
x_72: [9, 70, 71]
x_73: [1, 74, 75]
x_74: [4, 73, 75]
x_75: [10, 73, 74]
x_76: [8, 77, 78]
x_77: [9, 76, 78]
x_78: [11, 76, 77]
x_79: [9, 80, 81]
x_80: [10, 79, 81]
x_81: [12, 79, 80]
x_82: [6, 83, 84]
x_83: [10, 82, 84]
x_84: [13, 82, 83]
x_85: [6, 86, 87]
x_86: [7, 85, 87]
x_87: [14, 85, 86]
x_88: [7, 89, 90]
x_89: [8, 88, 90]
x_90: [15, 88, 89]
x_91: [7, 92, 93]
x_92: [10, 91, 93]
x_93: [11, 91, 92]
x_94: [6, 95, 96]
x_95: [8, 94, 96]
x_96: [12, 94, 95]
x_97: [7, 98, 99]
x_98: [9, 97, 99]
x_99: [13, 97, 98]
x_100: [8, 101, 102]
x_101: [10, 100, 102]
x_102: [14, 100, 101]
x_103: [6, 104, 105]
x_104: [9, 103, 105]
x_105: [15, 103, 104]
x_106: [1, 107, 108]
x_107: [13, 106, 108]
x_108: [14, 106, 107]
x_109: [2, 110, 111]
x_110: [14, 109, 111]
x_111: [15, 109, 110]
x_112: [3, 113, 114]
x_113: [11, 112, 114]
x_114: [15, 112, 113]
x_115: [4, 116, 117]
x_116: [11, 115, 117]
x_117: [12, 115, 116]
x_118: [5, 119, 120]
x_119: [12, 118, 120]
x_120: [13, 118, 119]
x_121: [1, 122, 123]
x_122: [12, 121, 123]
x_123: [15, 121, 122]
x_124: [2, 125, 126]
x_125: [11, 124, 126]
x_126: [13, 124, 125]
x_127: [3, 128, 129]
x_128: [12, 127, 129]
x_129: [14, 127, 128]
x_130: [4, 131, 132]
x_131: [13, 130, 132]
x_132: [15, 130, 131]
x_133: [5, 134, 135]
x_134: [11, 133, 135]
x_135: [14, 133, 134]
x_136: [1, 137, 138]
x_137: [6, 136, 138]
x_138: [11, 136, 137]
x_139: [2, 140, 141]
x_140: [7, 139, 141]
x_141: [12, 139, 140]
x_142: [3, 143, 144]
x_143: [8, 142, 144]
x_144: [13, 142, 143]
x_145: [4, 146, 147]
x_146: [9, 145, 147]
x_147: [14, 145, 146]
x_148: [5, 149, 150]
x_149: [10, 148, 150]
x_150: [15, 148, 149]
x_151: [18, 152, 153]
x_152: [19, 151, 153]
x_153: [21, 151, 152]
x_154: [19, 155, 156]
x_155: [20, 154, 156]
x_156: [22, 154, 155]
x_157: [16, 158, 159]
x_158: [20, 157, 159]
x_159: [23, 157, 158]
x_160: [16, 161, 162]
x_161: [17, 160, 162]
x_162: [24, 160, 161]
x_163: [17, 164, 165]
x_164: [18, 163, 165]
x_165: [25, 163, 164]
x_166: [17, 167, 168]
x_167: [20, 166, 168]
x_168: [21, 166, 167]
x_169: [16, 170, 171]
x_170: [18, 169, 171]
x_171: [22, 169, 170]
x_172: [17, 173, 174]
x_173: [19, 172, 174]
x_174: [23, 172, 173]
x_175: [18, 176, 177]
x_176: [20, 175, 177]
x_177: [24, 175, 176]
x_178: [16, 179, 180]
x_179: [19, 178, 180]
x_180: [25, 178, 179]
x_181: [23, 182, 183]
x_182: [24, 181, 183]
x_183: [26, 181, 182]
x_184: [24, 185, 186]
x_185: [25, 184, 186]
x_186: [27, 184, 185]
x_187: [21, 188, 189]
x_188: [25, 187, 189]
x_189: [28, 187, 188]
x_190: [21, 191, 192]
x_191: [22, 190, 192]
x_192: [29, 190, 191]
x_193: [22, 194, 195]
x_194: [23, 193, 195]
x_195: [30, 193, 194]
x_196: [22, 197, 198]
x_197: [25, 196, 198]
x_198: [26, 196, 197]
x_199: [21, 200, 201]
x_200: [23, 199, 201]
x_201: [27, 199, 200]
x_202: [22, 203, 204]
x_203: [24, 202, 204]
x_204: [28, 202, 203]
x_205: [23, 206, 207]
x_206: [25, 205, 207]
x_207: [29, 205, 206]
x_208: [21, 209, 210]
x_209: [24, 208, 210]
x_210: [30, 208, 209]
x_211: [16, 212, 213]
x_212: [28, 211, 213]
x_213: [29, 211, 212]
x_214: [17, 215, 216]
x_215: [29, 214, 216]
x_216: [30, 214, 215]
x_217: [18, 218, 219]
x_218: [26, 217, 219]
x_219: [30, 217, 218]
x_220: [19, 221, 222]
x_221: [26, 220, 222]
x_222: [27, 220, 221]
x_223: [20, 224, 225]
x_224: [27, 223, 225]
x_225: [28, 223, 224]
x_226: [16, 227, 228]
x_227: [27, 226, 228]
x_228: [30, 226, 227]
x_229: [17, 230, 231]
x_230: [26, 229, 231]
x_231: [28, 229, 230]
x_232: [18, 233, 234]
x_233: [27, 232, 234]
x_234: [29, 232, 233]
x_235: [19, 236, 237]
x_236: [28, 235, 237]
x_237: [30, 235, 236]
x_238: [20, 239, 240]
x_239: [26, 238, 240]
x_240: [29, 238, 239]
x_241: [16, 242, 243]
x_242: [21, 241, 243]
x_243: [26, 241, 242]
x_244: [17, 245, 246]
x_245: [22, 244, 246]
x_246: [27, 244, 245]
x_247: [18, 248, 249]
x_248: [23, 247, 249]
x_249: [28, 247, 248]
x_250: [19, 251, 252]
x_251: [24, 250, 252]
x_252: [29, 250, 251]
x_253: [20, 254, 255]
x_254: [25, 253, 255]
x_255: [30, 253, 254]
x_256: [33, 257, 258]
x_257: [34, 256, 258]
x_258: [36, 256, 257]
x_259: [34, 260, 261]
x_260: [35, 259, 261]
x_261: [37, 259, 260]
x_262: [31, 263, 264]
x_263: [35, 262, 264]
x_264: [38, 262, 263]
x_265: [31, 266, 267]
x_266: [32, 265, 267]
x_267: [39, 265, 266]
x_268: [32, 269, 270]
x_269: [33, 268, 270]
x_270: [40, 268, 269]
x_271: [32, 272, 273]
x_272: [35, 271, 273]
x_273: [36, 271, 272]
x_274: [31, 275, 276]
x_275: [33, 274, 276]
x_276: [37, 274, 275]
x_277: [32, 278, 279]
x_278: [34, 277, 279]
x_279: [38, 277, 278]
x_280: [33, 281, 282]
x_281: [35, 280, 282]
x_282: [39, 280, 281]
x_283: [31, 284, 285]
x_284: [34, 283, 285]
x_285: [40, 283, 284]
x_286: [38, 287, 288]
x_287: [39, 286, 288]
x_288: [41, 286, 287]
x_289: [39, 290, 291]
x_290: [40, 289, 291]
x_291: [42, 289, 290]
x_292: [36, 293, 294]
x_293: [40, 292, 294]
x_294: [43, 292, 293]
x_295: [36, 296, 297]
x_296: [37, 295, 297]
x_297: [44, 295, 296]
x_298: [37, 299, 300]
x_299: [38, 298, 300]
x_300: [45, 298, 299]
x_301: [37, 302, 303]
x_302: [40, 301, 303]
x_303: [41, 301, 302]
x_304: [36, 305, 306]
x_305: [38, 304, 306]
x_306: [42, 304, 305]
x_307: [37, 308, 309]
x_308: [39, 307, 309]
x_309: [43, 307, 308]
x_310: [38, 311, 312]
x_311: [40, 310, 312]
x_312: [44, 310, 311]
x_313: [36, 314, 315]
x_314: [39, 313, 315]
x_315: [45, 313, 314]
x_316: [31, 317, 318]
x_317: [43, 316, 318]
x_318: [44, 316, 317]
x_319: [32, 320, 321]
x_320: [44, 319, 321]
x_321: [45, 319, 320]
x_322: [33, 323, 324]
x_323: [41, 322, 324]
x_324: [45, 322, 323]
x_325: [34, 326, 327]
x_326: [41, 325, 327]
x_327: [42, 325, 326]
x_328: [35, 329, 330]
x_329: [42, 328, 330]
x_330: [43, 328, 329]
x_331: [31, 332, 333]
x_332: [42, 331, 333]
x_333: [45, 331, 332]
x_334: [32, 335, 336]
x_335: [41, 334, 336]
x_336: [43, 334, 335]
x_337: [33, 338, 339]
x_338: [42, 337, 339]
x_339: [44, 337, 338]
x_340: [34, 341, 342]
x_341: [43, 340, 342]
x_342: [45, 340, 341]
x_343: [35, 344, 345]
x_344: [41, 343, 345]
x_345: [44, 343, 344]
x_346: [31, 347, 348]
x_347: [36, 346, 348]
x_348: [41, 346, 347]
x_349: [32, 350, 351]
x_350: [37, 349, 351]
x_351: [42, 349, 350]
x_352: [33, 353, 354]
x_353: [38, 352, 354]
x_354: [43, 352, 353]
x_355: [34, 356, 357]
x_356: [39, 355, 357]
x_357: [44, 355, 356]
x_358: [35, 359, 360]
x_359: [40, 358, 360]
x_360: [45, 358, 359]
x_361: [3, 362, 363]
x_362: [19, 361, 363]
x_363: [36, 361, 362]
x_364: [4, 365, 366]
x_365: [20, 364, 366]
x_366: [37, 364, 365]
x_367: [1, 368, 369]
x_368: [20, 367, 369]
x_369: [38, 367, 368]
x_370: [1, 371, 372]
x_371: [17, 370, 372]
x_372: [39, 370, 371]
x_373: [2, 374, 375]
x_374: [18, 373, 375]
x_375: [40, 373, 374]
x_376: [2, 377, 378]
x_377: [20, 376, 378]
x_378: [36, 376, 377]
x_379: [1, 380, 381]
x_380: [18, 379, 381]
x_381: [37, 379, 380]
x_382: [2, 383, 384]
x_383: [19, 382, 384]
x_384: [38, 382, 383]
x_385: [3, 386, 387]
x_386: [20, 385, 387]
x_387: [39, 385, 386]
x_388: [1, 389, 390]
x_389: [19, 388, 390]
x_390: [40, 388, 389]
x_391: [8, 392, 393]
x_392: [24, 391, 393]
x_393: [41, 391, 392]
x_394: [9, 395, 396]
x_395: [25, 394, 396]
x_396: [42, 394, 395]
x_397: [6, 398, 399]
x_398: [25, 397, 399]
x_399: [43, 397, 398]
x_400: [6, 401, 402]
x_401: [22, 400, 402]
x_402: [44, 400, 401]
x_403: [7, 404, 405]
x_404: [23, 403, 405]
x_405: [45, 403, 404]
x_406: [7, 407, 408]
x_407: [25, 406, 408]
x_408: [41, 406, 407]
x_409: [6, 410, 411]
x_410: [23, 409, 411]
x_411: [42, 409, 410]
x_412: [7, 413, 414]
x_413: [24, 412, 414]
x_414: [43, 412, 413]
x_415: [8, 416, 417]
x_416: [25, 415, 417]
x_417: [44, 415, 416]
x_418: [6, 419, 420]
x_419: [24, 418, 420]
x_420: [45, 418, 419]
x_421: [1, 422, 423]
x_422: [28, 421, 423]
x_423: [44, 421, 422]
x_424: [2, 425, 426]
x_425: [29, 424, 426]
x_426: [45, 424, 425]
x_427: [3, 428, 429]
x_428: [26, 427, 429]
x_429: [45, 427, 428]
x_430: [4, 431, 432]
x_431: [26, 430, 432]
x_432: [42, 430, 431]
x_433: [5, 434, 435]
x_434: [27, 433, 435]
x_435: [43, 433, 434]
x_436: [1, 437, 438]
x_437: [27, 436, 438]
x_438: [45, 436, 437]
x_439: [2, 440, 441]
x_440: [26, 439, 441]
x_441: [43, 439, 440]
x_442: [3, 443, 444]
x_443: [27, 442, 444]
x_444: [44, 442, 443]
x_445: [4, 446, 447]
x_446: [28, 445, 447]
x_447: [45, 445, 446]
x_448: [5, 449, 450]
x_449: [26, 448, 450]
x_450: [44, 448, 449]
x_451: [1, 452, 453]
x_452: [21, 451, 453]
x_453: [41, 451, 452]
x_454: [2, 455, 456]
x_455: [22, 454, 456]
x_456: [42, 454, 455]
x_457: [3, 458, 459]
x_458: [23, 457, 459]
x_459: [43, 457, 458]
x_460: [4, 461, 462]
x_461: [24, 460, 462]
x_462: [44, 460, 461]
x_463: [5, 464, 465]
x_464: [25, 463, 465]
x_465: [45, 463, 464]
x_466: [3, 467, 468]
x_467: [21, 466, 468]
x_468: [34, 466, 467]
x_469: [4, 470, 471]
x_470: [22, 469, 471]
x_471: [35, 469, 470]
x_472: [1, 473, 474]
x_473: [23, 472, 474]
x_474: [35, 472, 473]
x_475: [1, 476, 477]
x_476: [24, 475, 477]
x_477: [32, 475, 476]
x_478: [2, 479, 480]
x_479: [25, 478, 480]
x_480: [33, 478, 479]
x_481: [2, 482, 483]
x_482: [21, 481, 483]
x_483: [35, 481, 482]
x_484: [1, 485, 486]
x_485: [22, 484, 486]
x_486: [33, 484, 485]
x_487: [2, 488, 489]
x_488: [23, 487, 489]
x_489: [34, 487, 488]
x_490: [3, 491, 492]
x_491: [24, 490, 492]
x_492: [35, 490, 491]
x_493: [1, 494, 495]
x_494: [25, 493, 495]
x_495: [34, 493, 494]
x_496: [8, 497, 498]
x_497: [26, 496, 498]
x_498: [39, 496, 497]
x_499: [9, 500, 501]
x_500: [27, 499, 501]
x_501: [40, 499, 500]
x_502: [6, 503, 504]
x_503: [28, 502, 504]
x_504: [40, 502, 503]
x_505: [6, 506, 507]
x_506: [29, 505, 507]
x_507: [37, 505, 506]
x_508: [7, 509, 510]
x_509: [30, 508, 510]
x_510: [38, 508, 509]
x_511: [7, 512, 513]
x_512: [26, 511, 513]
x_513: [40, 511, 512]
x_514: [6, 515, 516]
x_515: [27, 514, 516]
x_516: [38, 514, 515]
x_517: [7, 518, 519]
x_518: [28, 517, 519]
x_519: [39, 517, 518]
x_520: [8, 521, 522]
x_521: [29, 520, 522]
x_522: [40, 520, 521]
x_523: [6, 524, 525]
x_524: [30, 523, 525]
x_525: [39, 523, 524]
x_526: [1, 527, 528]
x_527: [29, 526, 528]
x_528: [43, 526, 527]
x_529: [2, 530, 531]
x_530: [30, 529, 531]
x_531: [44, 529, 530]
x_532: [3, 533, 534]
x_533: [30, 532, 534]
x_534: [41, 532, 533]
x_535: [4, 536, 537]
x_536: [27, 535, 537]
x_537: [41, 535, 536]
x_538: [5, 539, 540]
x_539: [28, 538, 540]
x_540: [42, 538, 539]
x_541: [1, 542, 543]
x_542: [30, 541, 543]
x_543: [42, 541, 542]
x_544: [2, 545, 546]
x_545: [28, 544, 546]
x_546: [41, 544, 545]
x_547: [3, 548, 549]
x_548: [29, 547, 549]
x_549: [42, 547, 548]
x_550: [4, 551, 552]
x_551: [30, 550, 552]
x_552: [43, 550, 551]
x_553: [5, 554, 555]
x_554: [29, 553, 555]
x_555: [41, 553, 554]
x_556: [1, 557, 558]
x_557: [26, 556, 558]
x_558: [36, 556, 557]
x_559: [2, 560, 561]
x_560: [27, 559, 561]
x_561: [37, 559, 560]
x_562: [3, 563, 564]
x_563: [28, 562, 564]
x_564: [38, 562, 563]
x_565: [4, 566, 567]
x_566: [29, 565, 567]
x_567: [39, 565, 566]
x_568: [5, 569, 570]
x_569: [30, 568, 570]
x_570: [40, 568, 569]
x_571: [4, 572, 573]
x_572: [18, 571, 573]
x_573: [36, 571, 572]
x_574: [5, 575, 576]
x_575: [19, 574, 576]
x_576: [37, 574, 575]
x_577: [5, 578, 579]
x_578: [16, 577, 579]
x_579: [38, 577, 578]
x_580: [2, 581, 582]
x_581: [16, 580, 582]
x_582: [39, 580, 581]
x_583: [3, 584, 585]
x_584: [17, 583, 585]
x_585: [40, 583, 584]
x_586: [5, 587, 588]
x_587: [17, 586, 588]
x_588: [36, 586, 587]
x_589: [3, 590, 591]
x_590: [16, 589, 591]
x_591: [37, 589, 590]
x_592: [4, 593, 594]
x_593: [17, 592, 594]
x_594: [38, 592, 593]
x_595: [5, 596, 597]
x_596: [18, 595, 597]
x_597: [39, 595, 596]
x_598: [4, 599, 600]
x_599: [16, 598, 600]
x_600: [40, 598, 599]
x_601: [9, 602, 603]
x_602: [23, 601, 603]
x_603: [41, 601, 602]
x_604: [10, 605, 606]
x_605: [24, 604, 606]
x_606: [42, 604, 605]
x_607: [10, 608, 609]
x_608: [21, 607, 609]
x_609: [43, 607, 608]
x_610: [7, 611, 612]
x_611: [21, 610, 612]
x_612: [44, 610, 611]
x_613: [8, 614, 615]
x_614: [22, 613, 615]
x_615: [45, 613, 614]
x_616: [10, 617, 618]
x_617: [22, 616, 618]
x_618: [41, 616, 617]
x_619: [8, 620, 621]
x_620: [21, 619, 621]
x_621: [42, 619, 620]
x_622: [9, 623, 624]
x_623: [22, 622, 624]
x_624: [43, 622, 623]
x_625: [10, 626, 627]
x_626: [23, 625, 627]
x_627: [44, 625, 626]
x_628: [9, 629, 630]
x_629: [21, 628, 630]
x_630: [45, 628, 629]
x_631: [13, 632, 633]
x_632: [16, 631, 633]
x_633: [44, 631, 632]
x_634: [14, 635, 636]
x_635: [17, 634, 636]
x_636: [45, 634, 635]
x_637: [11, 638, 639]
x_638: [18, 637, 639]
x_639: [45, 637, 638]
x_640: [11, 641, 642]
x_641: [19, 640, 642]
x_642: [42, 640, 641]
x_643: [12, 644, 645]
x_644: [20, 643, 645]
x_645: [43, 643, 644]
x_646: [12, 647, 648]
x_647: [16, 646, 648]
x_648: [45, 646, 647]
x_649: [11, 650, 651]
x_650: [17, 649, 651]
x_651: [43, 649, 650]
x_652: [12, 653, 654]
x_653: [18, 652, 654]
x_654: [44, 652, 653]
x_655: [13, 656, 657]
x_656: [19, 655, 657]
x_657: [45, 655, 656]
x_658: [11, 659, 660]
x_659: [20, 658, 660]
x_660: [44, 658, 659]
x_661: [6, 662, 663]
x_662: [16, 661, 663]
x_663: [41, 661, 662]
x_664: [7, 665, 666]
x_665: [17, 664, 666]
x_666: [42, 664, 665]
x_667: [8, 668, 669]
x_668: [18, 667, 669]
x_669: [43, 667, 668]
x_670: [9, 671, 672]
x_671: [19, 670, 672]
x_672: [44, 670, 671]
x_673: [10, 674, 675]
x_674: [20, 673, 675]
x_675: [45, 673, 674]
x_676: [4, 677, 678]
x_677: [21, 676, 678]
x_678: [33, 676, 677]
x_679: [5, 680, 681]
x_680: [22, 679, 681]
x_681: [34, 679, 680]
x_682: [5, 683, 684]
x_683: [23, 682, 684]
x_684: [31, 682, 683]
x_685: [2, 686, 687]
x_686: [24, 685, 687]
x_687: [31, 685, 686]
x_688: [3, 689, 690]
x_689: [25, 688, 690]
x_690: [32, 688, 689]
x_691: [5, 692, 693]
x_692: [21, 691, 693]
x_693: [32, 691, 692]
x_694: [3, 695, 696]
x_695: [22, 694, 696]
x_696: [31, 694, 695]
x_697: [4, 698, 699]
x_698: [23, 697, 699]
x_699: [32, 697, 698]
x_700: [5, 701, 702]
x_701: [24, 700, 702]
x_702: [33, 700, 701]
x_703: [4, 704, 705]
x_704: [25, 703, 705]
x_705: [31, 703, 704]
x_706: [9, 707, 708]
x_707: [26, 706, 708]
x_708: [38, 706, 707]
x_709: [10, 710, 711]
x_710: [27, 709, 711]
x_711: [39, 709, 710]
x_712: [10, 713, 714]
x_713: [28, 712, 714]
x_714: [36, 712, 713]
x_715: [7, 716, 717]
x_716: [29, 715, 717]
x_717: [36, 715, 716]
x_718: [8, 719, 720]
x_719: [30, 718, 720]
x_720: [37, 718, 719]
x_721: [10, 722, 723]
x_722: [26, 721, 723]
x_723: [37, 721, 722]
x_724: [8, 725, 726]
x_725: [27, 724, 726]
x_726: [36, 724, 725]
x_727: [9, 728, 729]
x_728: [28, 727, 729]
x_729: [37, 727, 728]
x_730: [10, 731, 732]
x_731: [29, 730, 732]
x_732: [38, 730, 731]
x_733: [9, 734, 735]
x_734: [30, 733, 735]
x_735: [36, 733, 734]
x_736: [13, 737, 738]
x_737: [29, 736, 738]
x_738: [31, 736, 737]
x_739: [14, 740, 741]
x_740: [30, 739, 741]
x_741: [32, 739, 740]
x_742: [11, 743, 744]
x_743: [30, 742, 744]
x_744: [33, 742, 743]
x_745: [11, 746, 747]
x_746: [27, 745, 747]
x_747: [34, 745, 746]
x_748: [12, 749, 750]
x_749: [28, 748, 750]
x_750: [35, 748, 749]
x_751: [12, 752, 753]
x_752: [30, 751, 753]
x_753: [31, 751, 752]
x_754: [11, 755, 756]
x_755: [28, 754, 756]
x_756: [32, 754, 755]
x_757: [12, 758, 759]
x_758: [29, 757, 759]
x_759: [33, 757, 758]
x_760: [13, 761, 762]
x_761: [30, 760, 762]
x_762: [34, 760, 761]
x_763: [11, 764, 765]
x_764: [29, 763, 765]
x_765: [35, 763, 764]
x_766: [6, 767, 768]
x_767: [26, 766, 768]
x_768: [31, 766, 767]
x_769: [7, 770, 771]
x_770: [27, 769, 771]
x_771: [32, 769, 770]
x_772: [8, 773, 774]
x_773: [28, 772, 774]
x_774: [33, 772, 773]
x_775: [9, 776, 777]
x_776: [29, 775, 777]
x_777: [34, 775, 776]
x_778: [10, 779, 780]
x_779: [30, 778, 780]
x_780: [35, 778, 779]
x_781: [6, 782, 783]
x_782: [18, 781, 783]
x_783: [34, 781, 782]
x_784: [7, 785, 786]
x_785: [19, 784, 786]
x_786: [35, 784, 785]
x_787: [8, 788, 789]
x_788: [16, 787, 789]
x_789: [35, 787, 788]
x_790: [9, 791, 792]
x_791: [16, 790, 792]
x_792: [32, 790, 791]
x_793: [10, 794, 795]
x_794: [17, 793, 795]
x_795: [33, 793, 794]
x_796: [6, 797, 798]
x_797: [17, 796, 798]
x_798: [35, 796, 797]
x_799: [7, 800, 801]
x_800: [16, 799, 801]
x_801: [33, 799, 800]
x_802: [8, 803, 804]
x_803: [17, 802, 804]
x_804: [34, 802, 803]
x_805: [9, 806, 807]
x_806: [18, 805, 807]
x_807: [35, 805, 806]
x_808: [10, 809, 810]
x_809: [16, 808, 810]
x_810: [34, 808, 809]
x_811: [11, 812, 813]
x_812: [23, 811, 813]
x_813: [39, 811, 812]
x_814: [12, 815, 816]
x_815: [24, 814, 816]
x_816: [40, 814, 815]
x_817: [13, 818, 819]
x_818: [21, 817, 819]
x_819: [40, 817, 818]
x_820: [14, 821, 822]
x_821: [21, 820, 822]
x_822: [37, 820, 821]
x_823: [15, 824, 825]
x_824: [22, 823, 825]
x_825: [38, 823, 824]
x_826: [11, 827, 828]
x_827: [22, 826, 828]
x_828: [40, 826, 827]
x_829: [12, 830, 831]
x_830: [21, 829, 831]
x_831: [38, 829, 830]
x_832: [13, 833, 834]
x_833: [22, 832, 834]
x_834: [39, 832, 833]
x_835: [14, 836, 837]
x_836: [23, 835, 837]
x_837: [40, 835, 836]
x_838: [15, 839, 840]
x_839: [21, 838, 840]
x_840: [39, 838, 839]
x_841: [14, 842, 843]
x_842: [16, 841, 843]
x_843: [43, 841, 842]
x_844: [15, 845, 846]
x_845: [17, 844, 846]
x_846: [44, 844, 845]
x_847: [15, 848, 849]
x_848: [18, 847, 849]
x_849: [41, 847, 848]
x_850: [12, 851, 852]
x_851: [19, 850, 852]
x_852: [41, 850, 851]
x_853: [13, 854, 855]
x_854: [20, 853, 855]
x_855: [42, 853, 854]
x_856: [15, 857, 858]
x_857: [16, 856, 858]
x_858: [42, 856, 857]
x_859: [13, 860, 861]
x_860: [17, 859, 861]
x_861: [41, 859, 860]
x_862: [14, 863, 864]
x_863: [18, 862, 864]
x_864: [42, 862, 863]
x_865: [15, 866, 867]
x_866: [19, 865, 867]
x_867: [43, 865, 866]
x_868: [14, 869, 870]
x_869: [20, 868, 870]
x_870: [41, 868, 869]
x_871: [11, 872, 873]
x_872: [16, 871, 873]
x_873: [36, 871, 872]
x_874: [12, 875, 876]
x_875: [17, 874, 876]
x_876: [37, 874, 875]
x_877: [13, 878, 879]
x_878: [18, 877, 879]
x_879: [38, 877, 878]
x_880: [14, 881, 882]
x_881: [19, 880, 882]
x_882: [39, 880, 881]
x_883: [15, 884, 885]
x_884: [20, 883, 885]
x_885: [40, 883, 884]
x_886: [6, 887, 888]
x_887: [19, 886, 888]
x_888: [33, 886, 887]
x_889: [7, 890, 891]
x_890: [20, 889, 891]
x_891: [34, 889, 890]
x_892: [8, 893, 894]
x_893: [20, 892, 894]
x_894: [31, 892, 893]
x_895: [9, 896, 897]
x_896: [17, 895, 897]
x_897: [31, 895, 896]
x_898: [10, 899, 900]
x_899: [18, 898, 900]
x_900: [32, 898, 899]
x_901: [6, 902, 903]
x_902: [20, 901, 903]
x_903: [32, 901, 902]
x_904: [7, 905, 906]
x_905: [18, 904, 906]
x_906: [31, 904, 905]
x_907: [8, 908, 909]
x_908: [19, 907, 909]
x_909: [32, 907, 908]
x_910: [9, 911, 912]
x_911: [20, 910, 912]
x_912: [33, 910, 911]
x_913: [10, 914, 915]
x_914: [19, 913, 915]
x_915: [31, 913, 914]
x_916: [11, 917, 918]
x_917: [24, 916, 918]
x_918: [38, 916, 917]
x_919: [12, 920, 921]
x_920: [25, 919, 921]
x_921: [39, 919, 920]
x_922: [13, 923, 924]
x_923: [25, 922, 924]
x_924: [36, 922, 923]
x_925: [14, 926, 927]
x_926: [22, 925, 927]
x_927: [36, 925, 926]
x_928: [15, 929, 930]
x_929: [23, 928, 930]
x_930: [37, 928, 929]
x_931: [11, 932, 933]
x_932: [25, 931, 933]
x_933: [37, 931, 932]
x_934: [12, 935, 936]
x_935: [23, 934, 936]
x_936: [36, 934, 935]
x_937: [13, 938, 939]
x_938: [24, 937, 939]
x_939: [37, 937, 938]
x_940: [14, 941, 942]
x_941: [25, 940, 942]
x_942: [38, 940, 941]
x_943: [15, 944, 945]
x_944: [24, 943, 945]
x_945: [36, 943, 944]
x_946: [14, 947, 948]
x_947: [28, 946, 948]
x_948: [31, 946, 947]
x_949: [15, 950, 951]
x_950: [29, 949, 951]
x_951: [32, 949, 950]
x_952: [15, 953, 954]
x_953: [26, 952, 954]
x_954: [33, 952, 953]
x_955: [12, 956, 957]
x_956: [26, 955, 957]
x_957: [34, 955, 956]
x_958: [13, 959, 960]
x_959: [27, 958, 960]
x_960: [35, 958, 959]
x_961: [15, 962, 963]
x_962: [27, 961, 963]
x_963: [31, 961, 962]
x_964: [13, 965, 966]
x_965: [26, 964, 966]
x_966: [32, 964, 965]
x_967: [14, 968, 969]
x_968: [27, 967, 969]
x_969: [33, 967, 968]
x_970: [15, 971, 972]
x_971: [28, 970, 972]
x_972: [34, 970, 971]
x_973: [14, 974, 975]
x_974: [26, 973, 975]
x_975: [35, 973, 974]
x_976: [11, 977, 978]
x_977: [21, 976, 978]
x_978: [31, 976, 977]
x_979: [12, 980, 981]
x_980: [22, 979, 981]
x_981: [32, 979, 980]
x_982: [13, 983, 984]
x_983: [23, 982, 984]
x_984: [33, 982, 983]
x_985: [14, 986, 987]
x_986: [24, 985, 987]
x_987: [34, 985, 986]
x_988: [15, 989, 990]
x_989: [25, 988, 990]
x_990: [35, 988, 989]
x_991: [1, 992, 993]
x_992: [16, 991, 993]
x_993: [31, 991, 992]
x_994: [2, 995, 996]
x_995: [17, 994, 996]
x_996: [32, 994, 995]
x_997: [3, 998, 999]
x_998: [18, 997, 999]
x_999: [33, 997, 998]
x_1000: [4, 1001, 1002]
x_1001: [19, 1000, 1002]
x_1002: [34, 1000, 1001]
x_1003: [5, 1004, 1005]
x_1004: [20, 1003, 1005]
x_1005: [35, 1003, 1004]
x_1006: [6, 1007, 1008]
x_1007: [21, 1006, 1008]
x_1008: [36, 1006, 1007]
x_1009: [7, 1010, 1011]
x_1010: [22, 1009, 1011]
x_1011: [37, 1009, 1010]
x_1012: [8, 1013, 1014]
x_1013: [23, 1012, 1014]
x_1014: [38, 1012, 1013]
x_1015: [9, 1016, 1017]
x_1016: [24, 1015, 1017]
x_1017: [39, 1015, 1016]
x_1018: [10, 1019, 1020]
x_1019: [25, 1018, 1020]
x_1020: [40, 1018, 1019]
x_1021: [11, 1022, 1023]
x_1022: [26, 1021, 1023]
x_1023: [41, 1021, 1022]
x_1024: [12, 1025, 1026]
x_1025: [27, 1024, 1026]
x_1026: [42, 1024, 1025]
x_1027: [13, 1028, 1029]
x_1028: [28, 1027, 1029]
x_1029: [43, 1027, 1028]
x_1030: [14, 1031, 1032]
x_1031: [29, 1030, 1032]
x_1032: [44, 1030, 1031]
x_1033: [15, 1034, 1035]
x_1034: [30, 1033, 1035]
x_1035: [45, 1033, 1034]