378
1 1 1 1 1 1 1 1 1 1 1 1 1 1 1 1 1 1 1 1 1 1 1 1 1 1 1 1 1 1 1 1 1 1 1 1 1 1 1 1 1 1 1 1 1 1 1 1 1 1 1 1 1 1 1 1 1 1 1 1 1 1 1 1 1 1 1 1 1 1 1 1 1 1 1 1 1 1 1 1 1 1 1 1 1 1 1 1 1 1 1 1 1 1 1 1 1 1 1 1 1 1 1 1 1 1 1 1 1 1 1 1 1 1 1 1 1 1 1 1 1 1 1 1 1 1 1 1 1 1 1 1 1 1 1 1 1 1 1 1 1 1 1 1 1 1 1 1 1 1 1 1 1 1 1 1 1 1 1 1 1 1 1 1 1 1 1 1 1 1 1 1 1 1 1 1 1 1 1 1 1 1 1 1 1 1 1 1 1 1 1 1 1 1 1 1 1 1 1 1 1 1 1 1 1 1 1 1 1 1 1 1 1 1 1 1 1 1 1 1 1 1 1 1 1 1 1 1 1 1 1 1 1 1 1 1 1 1 1 1 1 1 1 1 1 1 1 1 1 1 1 1 1 1 1 1 1 1 1 1 1 1 1 1 1 1 1 1 1 1 1 1 1 1 1 1 1 1 1 1 1 1 1 1 1 1 1 1 1 1 1 1 1 1 1 1 1 1 1 1 1 1 1 1 1 1 1 1 1 1 1 1 1 1 1 1 1 1 1 1 1 1 1 1 1 1 1 1 1 1 1 1 1 1 1 1 1 1 1 1 1 1 1 1 1 1 1 1 1 1 1 1 1 1 1 1 1 1 1 1 1 1 1 1 1 1 1 1 1 1 1 1 1 1 1 1 1 1
x_1: [28, 37, 40, 55, 136, 145, 148, 163, 172, 181, 184, 199, 352]
x_2: [29, 43, 46, 58, 151, 154, 166, 187, 190, 202, 208, 244, 355]
x_3: [30, 49, 52, 61, 157, 160, 169, 193, 196, 205, 280, 316, 358]
x_4: [31, 44, 50, 56, 139, 175, 223, 229, 235, 259, 265, 271, 361]
x_5: [32, 38, 53, 59, 211, 217, 232, 238, 247, 253, 268, 274, 364]
x_6: [33, 41, 47, 62, 220, 226, 241, 256, 262, 277, 283, 319, 367]
x_7: [34, 48, 54, 57, 142, 178, 298, 304, 307, 334, 340, 343, 370]
x_8: [35, 42, 51, 60, 214, 250, 292, 301, 310, 328, 337, 346, 373]
x_9: [36, 39, 45, 63, 286, 289, 295, 313, 322, 325, 331, 349, 376]
x_10: [64, 73, 76, 91, 209, 218, 221, 236, 281, 290, 293, 308, 353]
x_11: [65, 79, 82, 94, 137, 224, 227, 239, 296, 299, 311, 317, 356]
x_12: [66, 85, 88, 97, 173, 230, 233, 242, 245, 302, 305, 314, 359]
x_13: [67, 80, 86, 92, 152, 158, 164, 212, 284, 332, 338, 344, 362]
x_14: [68, 74, 89, 95, 140, 146, 161, 167, 320, 326, 341, 347, 365]
x_15: [69, 77, 83, 98, 149, 155, 170, 176, 248, 329, 335, 350, 368]
x_16: [70, 84, 90, 93, 191, 197, 200, 215, 263, 269, 272, 287, 371]
x_17: [71, 78, 87, 96, 143, 185, 194, 203, 257, 266, 275, 323, 374]
x_18: [72, 75, 81, 99, 179, 182, 188, 206, 251, 254, 260, 278, 377]
x_19: [100, 109, 112, 127, 246, 255, 258, 273, 318, 327, 330, 345, 354]
x_20: [101, 115, 118, 130, 174, 261, 264, 276, 282, 333, 336, 348, 357]
x_21: [102, 121, 124, 133, 138, 210, 267, 270, 279, 339, 342, 351, 360]
x_22: [103, 116, 122, 128, 189, 195, 201, 249, 297, 303, 309, 321, 363]
x_23: [104, 110, 125, 131, 177, 183, 198, 204, 285, 291, 306, 312, 366]
x_24: [105, 113, 119, 134, 141, 186, 192, 207, 213, 294, 300, 315, 369]
x_25: [106, 120, 126, 129, 156, 162, 165, 228, 234, 237, 252, 324, 372]
x_26: [107, 114, 123, 132, 150, 159, 168, 180, 222, 231, 240, 288, 375]
x_27: [108, 111, 117, 135, 144, 147, 153, 171, 216, 219, 225, 243, 378]
x_28: [1, 29, 30]
x_29: [2, 28, 30]
x_30: [3, 28, 29]
x_31: [4, 32, 33]
x_32: [5, 31, 33]
x_33: [6, 31, 32]
x_34: [7, 35, 36]
x_35: [8, 34, 36]
x_36: [9, 34, 35]
x_37: [1, 38, 39]
x_38: [5, 37, 39]
x_39: [9, 37, 38]
x_40: [1, 41, 42]
x_41: [6, 40, 42]
x_42: [8, 40, 41]
x_43: [2, 44, 45]
x_44: [4, 43, 45]
x_45: [9, 43, 44]
x_46: [2, 47, 48]
x_47: [6, 46, 48]
x_48: [7, 46, 47]
x_49: [3, 50, 51]
x_50: [4, 49, 51]
x_51: [8, 49, 50]
x_52: [3, 53, 54]
x_53: [5, 52, 54]
x_54: [7, 52, 53]
x_55: [1, 56, 57]
x_56: [4, 55, 57]
x_57: [7, 55, 56]
x_58: [2, 59, 60]
x_59: [5, 58, 60]
x_60: [8, 58, 59]
x_61: [3, 62, 63]
x_62: [6, 61, 63]
x_63: [9, 61, 62]
x_64: [10, 65, 66]
x_65: [11, 64, 66]
x_66: [12, 64, 65]
x_67: [13, 68, 69]
x_68: [14, 67, 69]
x_69: [15, 67, 68]
x_70: [16, 71, 72]
x_71: [17, 70, 72]
x_72: [18, 70, 71]
x_73: [10, 74, 75]
x_74: [14, 73, 75]
x_75: [18, 73, 74]
x_76: [10, 77, 78]
x_77: [15, 76, 78]
x_78: [17, 76, 77]
x_79: [11, 80, 81]
x_80: [13, 79, 81]
x_81: [18, 79, 80]
x_82: [11, 83, 84]
x_83: [15, 82, 84]
x_84: [16, 82, 83]
x_85: [12, 86, 87]
x_86: [13, 85, 87]
x_87: [17, 85, 86]
x_88: [12, 89, 90]
x_89: [14, 88, 90]
x_90: [16, 88, 89]
x_91: [10, 92, 93]
x_92: [13, 91, 93]
x_93: [16, 91, 92]
x_94: [11, 95, 96]
x_95: [14, 94, 96]
x_96: [17, 94, 95]
x_97: [12, 98, 99]
x_98: [15, 97, 99]
x_99: [18, 97, 98]
x_100: [19, 101, 102]
x_101: [20, 100, 102]
x_102: [21, 100, 101]
x_103: [22, 104, 105]
x_104: [23, 103, 105]
x_105: [24, 103, 104]
x_106: [25, 107, 108]
x_107: [26, 106, 108]
x_108: [27, 106, 107]
x_109: [19, 110, 111]
x_110: [23, 109, 111]
x_111: [27, 109, 110]
x_112: [19, 113, 114]
x_113: [24, 112, 114]
x_114: [26, 112, 113]
x_115: [20, 116, 117]
x_116: [22, 115, 117]
x_117: [27, 115, 116]
x_118: [20, 119, 120]
x_119: [24, 118, 120]
x_120: [25, 118, 119]
x_121: [21, 122, 123]
x_122: [22, 121, 123]
x_123: [26, 121, 122]
x_124: [21, 125, 126]
x_125: [23, 124, 126]
x_126: [25, 124, 125]
x_127: [19, 128, 129]
x_128: [22, 127, 129]
x_129: [25, 127, 128]
x_130: [20, 131, 132]
x_131: [23, 130, 132]
x_132: [26, 130, 131]
x_133: [21, 134, 135]
x_134: [24, 133, 135]
x_135: [27, 133, 134]
x_136: [1, 137, 138]
x_137: [11, 136, 138]
x_138: [21, 136, 137]
x_139: [4, 140, 141]
x_140: [14, 139, 141]
x_141: [24, 139, 140]
x_142: [7, 143, 144]
x_143: [17, 142, 144]
x_144: [27, 142, 143]
x_145: [1, 146, 147]
x_146: [14, 145, 147]
x_147: [27, 145, 146]
x_148: [1, 149, 150]
x_149: [15, 148, 150]
x_150: [26, 148, 149]
x_151: [2, 152, 153]
x_152: [13, 151, 153]
x_153: [27, 151, 152]
x_154: [2, 155, 156]
x_155: [15, 154, 156]
x_156: [25, 154, 155]
x_157: [3, 158, 159]
x_158: [13, 157, 159]
x_159: [26, 157, 158]
x_160: [3, 161, 162]
x_161: [14, 160, 162]
x_162: [25, 160, 161]
x_163: [1, 164, 165]
x_164: [13, 163, 165]
x_165: [25, 163, 164]
x_166: [2, 167, 168]
x_167: [14, 166, 168]
x_168: [26, 166, 167]
x_169: [3, 170, 171]
x_170: [15, 169, 171]
x_171: [27, 169, 170]
x_172: [1, 173, 174]
x_173: [12, 172, 174]
x_174: [20, 172, 173]
x_175: [4, 176, 177]
x_176: [15, 175, 177]
x_177: [23, 175, 176]
x_178: [7, 179, 180]
x_179: [18, 178, 180]
x_180: [26, 178, 179]
x_181: [1, 182, 183]
x_182: [18, 181, 183]
x_183: [23, 181, 182]
x_184: [1, 185, 186]
x_185: [17, 184, 186]
x_186: [24, 184, 185]
x_187: [2, 188, 189]
x_188: [18, 187, 189]
x_189: [22, 187, 188]
x_190: [2, 191, 192]
x_191: [16, 190, 192]
x_192: [24, 190, 191]
x_193: [3, 194, 195]
x_194: [17, 193, 195]
x_195: [22, 193, 194]
x_196: [3, 197, 198]
x_197: [16, 196, 198]
x_198: [23, 196, 197]
x_199: [1, 200, 201]
x_200: [16, 199, 201]
x_201: [22, 199, 200]
x_202: [2, 203, 204]
x_203: [17, 202, 204]
x_204: [23, 202, 203]
x_205: [3, 206, 207]
x_206: [18, 205, 207]
x_207: [24, 205, 206]
x_208: [2, 209, 210]
x_209: [10, 208, 210]
x_210: [21, 208, 209]
x_211: [5, 212, 213]
x_212: [13, 211, 213]
x_213: [24, 211, 212]
x_214: [8, 215, 216]
x_215: [16, 214, 216]
x_216: [27, 214, 215]
x_217: [5, 218, 219]
x_218: [10, 217, 219]
x_219: [27, 217, 218]
x_220: [6, 221, 222]
x_221: [10, 220, 222]
x_222: [26, 220, 221]
x_223: [4, 224, 225]
x_224: [11, 223, 225]
x_225: [27, 223, 224]
x_226: [6, 227, 228]
x_227: [11, 226, 228]
x_228: [25, 226, 227]
x_229: [4, 230, 231]
x_230: [12, 229, 231]
x_231: [26, 229, 230]
x_232: [5, 233, 234]
x_233: [12, 232, 234]
x_234: [25, 232, 233]
x_235: [4, 236, 237]
x_236: [10, 235, 237]
x_237: [25, 235, 236]
x_238: [5, 239, 240]
x_239: [11, 238, 240]
x_240: [26, 238, 239]
x_241: [6, 242, 243]
x_242: [12, 241, 243]
x_243: [27, 241, 242]
x_244: [2, 245, 246]
x_245: [12, 244, 246]
x_246: [19, 244, 245]
x_247: [5, 248, 249]
x_248: [15, 247, 249]
x_249: [22, 247, 248]
x_250: [8, 251, 252]
x_251: [18, 250, 252]
x_252: [25, 250, 251]
x_253: [5, 254, 255]
x_254: [18, 253, 255]
x_255: [19, 253, 254]
x_256: [6, 257, 258]
x_257: [17, 256, 258]
x_258: [19, 256, 257]
x_259: [4, 260, 261]
x_260: [18, 259, 261]
x_261: [20, 259, 260]
x_262: [6, 263, 264]
x_263: [16, 262, 264]
x_264: [20, 262, 263]
x_265: [4, 266, 267]
x_266: [17, 265, 267]
x_267: [21, 265, 266]
x_268: [5, 269, 270]
x_269: [16, 268, 270]
x_270: [21, 268, 269]
x_271: [4, 272, 273]
x_272: [16, 271, 273]
x_273: [19, 271, 272]
x_274: [5, 275, 276]
x_275: [17, 274, 276]
x_276: [20, 274, 275]
x_277: [6, 278, 279]
x_278: [18, 277, 279]
x_279: [21, 277, 278]
x_280: [3, 281, 282]
x_281: [10, 280, 282]
x_282: [20, 280, 281]
x_283: [6, 284, 285]
x_284: [13, 283, 285]
x_285: [23, 283, 284]
x_286: [9, 287, 288]
x_287: [16, 286, 288]
x_288: [26, 286, 287]
x_289: [9, 290, 291]
x_290: [10, 289, 291]
x_291: [23, 289, 290]
x_292: [8, 293, 294]
x_293: [10, 292, 294]
x_294: [24, 292, 293]
x_295: [9, 296, 297]
x_296: [11, 295, 297]
x_297: [22, 295, 296]
x_298: [7, 299, 300]
x_299: [11, 298, 300]
x_300: [24, 298, 299]
x_301: [8, 302, 303]
x_302: [12, 301, 303]
x_303: [22, 301, 302]
x_304: [7, 305, 306]
x_305: [12, 304, 306]
x_306: [23, 304, 305]
x_307: [7, 308, 309]
x_308: [10, 307, 309]
x_309: [22, 307, 308]
x_310: [8, 311, 312]
x_311: [11, 310, 312]
x_312: [23, 310, 311]
x_313: [9, 314, 315]
x_314: [12, 313, 315]
x_315: [24, 313, 314]
x_316: [3, 317, 318]
x_317: [11, 316, 318]
x_318: [19, 316, 317]
x_319: [6, 320, 321]
x_320: [14, 319, 321]
x_321: [22, 319, 320]
x_322: [9, 323, 324]
x_323: [17, 322, 324]
x_324: [25, 322, 323]
x_325: [9, 326, 327]
x_326: [14, 325, 327]
x_327: [19, 325, 326]
x_328: [8, 329, 330]
x_329: [15, 328, 330]
x_330: [19, 328, 329]
x_331: [9, 332, 333]
x_332: [13, 331, 333]
x_333: [20, 331, 332]
x_334: [7, 335, 336]
x_335: [15, 334, 336]
x_336: [20, 334, 335]
x_337: [8, 338, 339]
x_338: [13, 337, 339]
x_339: [21, 337, 338]
x_340: [7, 341, 342]
x_341: [14, 340, 342]
x_342: [21, 340, 341]
x_343: [7, 344, 345]
x_344: [13, 343, 345]
x_345: [19, 343, 344]
x_346: [8, 347, 348]
x_347: [14, 346, 348]
x_348: [20, 346, 347]
x_349: [9, 350, 351]
x_350: [15, 349, 351]
x_351: [21, 349, 350]
x_352: [1, 353, 354]
x_353: [10, 352, 354]
x_354: [19, 352, 353]
x_355: [2, 356, 357]
x_356: [11, 355, 357]
x_357: [20, 355, 356]
x_358: [3, 359, 360]
x_359: [12, 358, 360]
x_360: [21, 358, 359]
x_361: [4, 362, 363]
x_362: [13, 361, 363]
x_363: [22, 361, 362]
x_364: [5, 365, 366]
x_365: [14, 364, 366]
x_366: [23, 364, 365]
x_367: [6, 368, 369]
x_368: [15, 367, 369]
x_369: [24, 367, 368]
x_370: [7, 371, 372]
x_371: [16, 370, 372]
x_372: [25, 370, 371]
x_373: [8, 374, 375]
x_374: [17, 373, 375]
x_375: [26, 373, 374]
x_376: [9, 377, 378]
x_377: [18, 376, 378]
x_378: [27, 376, 377]