200
1 1 1 1 1 1 1 1 1 1 1 1 1 1 1 1 1 1 1 1 1 1 1 1 1 1 1 1 1 1 1 1 1 1 1 1 1 1 1 1 1 1 1 1 1 1 1 1 1 1 1 1 1 1 1 1 1 1 1 1 1 1 1 1 1 1 1 1 1 1 1 1 1 1 1 1 1 1 1 1 1 1 1 1 1 1 1 1 1 1 1 1 1 1 1 1 1 1 1 1 1 1 1 1 1 1 1 1 1 1 1 1 1 1 1 1 1 1 1 1 1 1 1 1 1 1 1 1 1 1 1 1 1 1 1 1 1 1 1 1 1 1 1 1 1 1 1 1 1 1 1 1 1 1 1 1 1 1 1 1 1 1 1 1 1 1 1 1 1 1 1 1 1 1 1 1 1 1 1 1 1 1 1 1 1 1 1 1 1 1 1 1 1 1 1 1 1 1 1 1
x_1: [2, 6, 9, 10, 13, 20, 24, 25, 28, 35, 36, 41, 47, 49, 51, 52, 53, 55, 57, 59, 65, 68, 71, 76, 80, 82, 83, 91, 92, 95, 96, 100, 102, 103, 104, 107, 114, 115, 120, 132, 136, 137, 138, 141, 143, 145, 147, 149, 150, 154, 157, 160, 164, 166, 169, 175, 180, 181, 182, 184, 189, 192, 193, 195, 196, 200]
x_2: [1, 3, 5, 7, 8, 10, 15, 18, 26, 27, 29, 37, 38, 41, 44, 50, 54, 60, 62, 65, 67, 73, 77, 84, 86, 87, 89, 90, 93, 94, 97, 103, 105, 109, 117, 118, 121, 127, 130, 133, 134, 135, 140, 146, 155, 156, 168, 170, 173, 181, 184, 185, 188, 190, 191, 193, 198]
x_3: [2, 6, 11, 13, 14, 19, 20, 21, 28, 29, 30, 31, 35, 46, 48, 49, 53, 56, 63, 69, 70, 71, 76, 83, 90, 91, 92, 95, 101, 103, 111, 113, 115, 117, 120, 124, 129, 130, 132, 134, 136, 137, 138, 139, 141, 144, 145, 150, 154, 157, 158, 159, 164, 166, 169, 174, 180, 182, 183, 186, 189, 192, 195, 200]
x_4: [6, 9, 12, 13, 14, 16, 20, 21, 24, 25, 28, 33, 34, 35, 39, 46, 47, 55, 57, 61, 64, 66, 68, 70, 71, 73, 76, 80, 83, 90, 91, 92, 95, 101, 104, 107, 111, 113, 114, 116, 117, 124, 136, 137, 138, 140, 143, 144, 145, 147, 150, 158, 159, 164, 166, 174, 177, 180, 182, 183, 184, 187, 193, 194, 195, 196]
x_5: [2, 9, 11, 13, 14, 16, 20, 21, 24, 28, 29, 30, 31, 35, 36, 37, 46, 51, 52, 53, 56, 64, 70, 72, 75, 76, 78, 79, 80, 85, 86, 90, 91, 95, 102, 103, 107, 111, 114, 116, 119, 120, 124, 125, 129, 132, 136, 137, 144, 147, 150, 154, 157, 158, 159, 162, 164, 165, 166, 167, 170, 175, 177, 180, 189, 192, 193, 195, 197]
x_6: [1, 3, 4, 8, 10, 12, 15, 16, 19, 27, 32, 33, 37, 40, 41, 42, 45, 48, 50, 55, 59, 62, 66, 70, 72, 74, 77, 81, 83, 85, 86, 88, 93, 98, 106, 109, 123, 134, 142, 146, 148, 152, 160, 161, 163, 168, 171, 172, 173, 176, 177, 181, 185, 191]
x_7: [2, 9, 21, 25, 29, 31, 34, 35, 39, 44, 47, 48, 51, 52, 56, 57, 58, 61, 62, 68, 70, 71, 75, 76, 78, 79, 82, 83, 90, 91, 92, 94, 95, 100, 101, 102, 107, 113, 115, 116, 117, 118, 119, 120, 124, 125, 136, 141, 142, 145, 150, 154, 159, 164, 166, 169, 174, 177, 180, 187, 189, 193, 194, 195]
x_8: [2, 6, 11, 13, 14, 15, 16, 25, 30, 31, 34, 35, 36, 39, 46, 47, 51, 53, 55, 57, 63, 64, 68, 70, 71, 78, 79, 80, 83, 90, 92, 95, 100, 101, 103, 104, 111, 112, 113, 115, 119, 124, 126, 127, 136, 141, 144, 149, 151, 153, 154, 157, 158, 162, 166, 172, 174, 183, 187, 195, 196, 197]
x_9: [1, 4, 5, 7, 10, 12, 15, 17, 22, 25, 26, 27, 32, 33, 37, 40, 41, 42, 43, 50, 60, 66, 72, 74, 81, 84, 86, 92, 93, 94, 96, 98, 105, 106, 107, 109, 110, 122, 123, 134, 139, 140, 142, 148, 151, 155, 160, 163, 175, 176, 181, 185, 188, 191, 197, 198, 199]
x_10: [1, 2, 6, 9, 13, 16, 20, 24, 25, 29, 30, 35, 36, 39, 41, 46, 47, 49, 51, 52, 55, 59, 63, 65, 68, 70, 71, 80, 82, 83, 90, 92, 95, 96, 100, 101, 102, 111, 114, 115, 116, 120, 129, 132, 136, 137, 138, 144, 145, 149, 150, 154, 157, 158, 159, 160, 162, 167, 175, 177, 179, 181, 182, 183, 184, 186, 187, 193, 194, 195, 196, 197]
x_11: [3, 5, 8, 12, 15, 18, 22, 23, 30, 33, 38, 40, 45, 54, 60, 65, 72, 77, 86, 88, 102, 110, 120, 121, 123, 126, 127, 128, 131, 134, 152, 155, 157, 159, 160, 161, 165, 170, 171, 176, 178, 187, 188, 191, 198]
x_12: [4, 6, 9, 11, 14, 20, 24, 25, 28, 29, 30, 33, 36, 39, 48, 51, 52, 56, 61, 63, 66, 68, 70, 71, 73, 75, 76, 79, 80, 82, 83, 96, 102, 103, 104, 112, 114, 115, 116, 119, 124, 125, 129, 140, 145, 149, 159, 162, 166, 167, 174, 179, 180, 183, 186, 189, 192, 193, 194]
x_13: [1, 3, 4, 5, 8, 10, 15, 17, 18, 21, 26, 32, 38, 40, 42, 43, 44, 45, 50, 54, 58, 60, 65, 66, 67, 73, 74, 77, 80, 84, 87, 98, 105, 108, 109, 118, 123, 125, 126, 127, 128, 131, 133, 135, 137, 139, 142, 146, 150, 152, 156, 161, 163, 168, 171, 173, 178, 181, 185, 191, 199]
x_14: [3, 4, 5, 8, 12, 15, 18, 26, 32, 36, 37, 42, 43, 44, 49, 54, 60, 62, 63, 66, 67, 69, 72, 73, 74, 77, 81, 86, 89, 99, 100, 105, 106, 109, 110, 114, 118, 121, 123, 128, 130, 131, 133, 134, 139, 142, 148, 151, 163, 165, 166, 173, 176, 178, 181, 185, 188, 190, 191, 198, 199]
x_15: [2, 6, 8, 9, 11, 13, 14, 16, 20, 21, 24, 25, 29, 30, 31, 39, 47, 48, 52, 57, 58, 63, 64, 70, 71, 75, 76, 80, 82, 90, 91, 95, 96, 101, 103, 104, 107, 113, 114, 115, 120, 124, 126, 127, 132, 138, 141, 150, 151, 154, 157, 158, 159, 164, 169, 172, 174, 175, 177, 183, 184, 186, 187, 192, 194, 197, 200]
x_16: [4, 5, 6, 8, 10, 15, 23, 26, 27, 32, 33, 40, 43, 45, 48, 55, 59, 60, 62, 65, 66, 70, 73, 74, 83, 84, 85, 86, 88, 94, 97, 105, 106, 110, 121, 122, 127, 130, 133, 135, 146, 148, 151, 155, 165, 173, 177, 178, 181, 188, 198, 199]
x_17: [9, 13, 20, 24, 28, 29, 34, 39, 47, 48, 49, 53, 57, 58, 61, 63, 64, 67, 68, 71, 78, 79, 82, 90, 91, 93, 96, 99, 100, 101, 104, 107, 112, 115, 117, 124, 125, 136, 137, 141, 146, 147, 150, 157, 162, 164, 171, 175, 177, 180, 184, 186, 187, 192, 194, 196]
x_18: [2, 11, 13, 14, 20, 23, 29, 31, 32, 34, 36, 39, 43, 48, 49, 51, 55, 56, 58, 61, 63, 71, 76, 78, 79, 80, 83, 87, 90, 91, 92, 95, 96, 100, 101, 102, 103, 113, 116, 119, 120, 124, 129, 131, 136, 138, 143, 144, 145, 147, 149, 153, 158, 159, 162, 164, 174, 177, 179, 180, 183, 184, 186, 187, 193, 197]
x_19: [3, 6, 20, 21, 24, 30, 35, 46, 48, 51, 55, 56, 58, 61, 64, 68, 69, 79, 80, 82, 83, 95, 100, 103, 104, 107, 112, 114, 115, 116, 124, 125, 129, 130, 132, 134, 137, 139, 143, 145, 147, 159, 164, 167, 180, 184, 186, 193, 195, 200]
x_20: [1, 3, 4, 5, 10, 12, 15, 17, 18, 19, 22, 26, 32, 33, 37, 42, 43, 44, 45, 59, 60, 69, 72, 74, 77, 81, 85, 86, 87, 89, 99, 105, 106, 109, 121, 122, 123, 124, 126, 128, 130, 138, 139, 148, 151, 152, 156, 160, 163, 164, 165, 167, 172, 173, 176, 178, 179, 181, 183, 188, 190, 191, 199]
x_21: [3, 4, 5, 7, 13, 15, 19, 22, 27, 33, 38, 41, 43, 45, 54, 58, 59, 62, 65, 80, 81, 86, 87, 88, 98, 105, 108, 118, 122, 125, 126, 128, 131, 134, 135, 137, 139, 146, 148, 150, 151, 156, 161, 163, 165, 168, 171, 172, 173, 178, 185, 191, 198, 199]
x_22: [9, 11, 20, 21, 25, 28, 35, 36, 48, 49, 50, 51, 52, 53, 55, 58, 61, 63, 64, 68, 70, 76, 78, 82, 89, 91, 96, 100, 106, 112, 113, 114, 115, 116, 119, 123, 128, 129, 132, 136, 137, 138, 141, 144, 145, 149, 153, 158, 164, 166, 167, 169, 174, 175, 179, 184, 187, 189, 193, 194, 196, 197]
x_23: [11, 16, 18, 24, 30, 31, 32, 35, 36, 43, 47, 49, 51, 55, 57, 68, 70, 71, 75, 76, 79, 80, 82, 87, 90, 91, 92, 104, 107, 111, 113, 116, 117, 124, 131, 132, 136, 137, 138, 144, 145, 149, 150, 154, 159, 162, 164, 169, 174, 175, 179, 180, 182, 183, 184, 186, 187, 189, 193, 195, 196, 197]
x_24: [1, 4, 5, 10, 12, 15, 17, 19, 23, 35, 37, 38, 41, 42, 54, 60, 62, 64, 67, 69, 74, 76, 79, 81, 84, 85, 86, 93, 97, 98, 99, 109, 110, 118, 122, 127, 128, 130, 133, 135, 140, 142, 146, 154, 156, 160, 161, 168, 172, 181, 191, 196, 198]
x_25: [1, 4, 7, 8, 9, 10, 12, 15, 22, 26, 27, 32, 37, 41, 43, 44, 50, 59, 72, 73, 81, 84, 87, 89, 92, 96, 97, 98, 99, 105, 107, 108, 118, 121, 122, 126, 130, 133, 134, 135, 139, 140, 142, 152, 156, 160, 161, 165, 171, 172, 175, 185, 188, 191, 197, 199]
x_26: [2, 9, 13, 14, 16, 20, 25, 29, 30, 35, 36, 47, 49, 51, 52, 57, 58, 63, 68, 70, 71, 78, 81, 82, 90, 91, 92, 95, 100, 102, 103, 112, 114, 115, 120, 121, 136, 137, 138, 143, 150, 158, 159, 162, 166, 168, 169, 173, 180, 182, 184, 186, 189, 190, 193, 194, 195, 196, 197]
x_27: [2, 6, 9, 16, 21, 25, 29, 30, 31, 39, 47, 49, 53, 55, 56, 57, 58, 60, 63, 64, 68, 74, 75, 76, 78, 80, 82, 91, 103, 104, 111, 112, 114, 116, 117, 124, 125, 136, 137, 138, 148, 150, 154, 158, 159, 164, 176, 178, 182, 184, 186, 187, 189, 192, 193, 196, 197, 198, 200]
x_28: [1, 3, 4, 5, 12, 17, 22, 32, 33, 38, 44, 52, 54, 59, 60, 66, 67, 72, 77, 81, 85, 87, 88, 89, 98, 108, 118, 121, 122, 123, 127, 128, 129, 130, 133, 135, 139, 141, 142, 147, 148, 149, 152, 160, 161, 163, 168, 171, 172, 173, 176, 182, 185, 199]
x_29: [2, 3, 5, 7, 10, 12, 15, 17, 18, 26, 27, 33, 37, 40, 41, 42, 45, 50, 60, 66, 77, 81, 84, 85, 86, 89, 90, 93, 97, 99, 103, 105, 108, 117, 122, 126, 128, 130, 135, 146, 148, 152, 155, 156, 160, 161, 163, 165, 171, 172, 173, 184, 185, 190, 191, 193, 199]
x_30: [3, 5, 8, 10, 11, 12, 15, 19, 23, 26, 27, 33, 38, 41, 44, 45, 54, 59, 60, 65, 66, 69, 73, 74, 77, 84, 85, 88, 97, 98, 102, 118, 120, 122, 123, 126, 131, 139, 142, 146, 148, 156, 157, 159, 160, 165, 173, 176, 185, 187, 188, 199]
x_31: [3, 5, 7, 8, 15, 18, 23, 27, 33, 40, 42, 43, 44, 45, 50, 53, 54, 59, 68, 71, 73, 74, 77, 86, 87, 89, 93, 97, 99, 105, 106, 108, 110, 113, 127, 130, 134, 135, 140, 146, 151, 155, 156, 165, 170, 173, 178, 185, 190, 191, 192, 194, 198]
x_32: [6, 9, 13, 14, 16, 18, 20, 23, 25, 28, 43, 46, 52, 53, 55, 56, 57, 61, 63, 68, 71, 80, 82, 87, 91, 92, 95, 100, 101, 102, 103, 104, 111, 112, 113, 114, 116, 117, 119, 120, 124, 129, 131, 132, 136, 138, 143, 144, 145, 147, 150, 153, 157, 159, 166, 167, 174, 175, 180, 183, 189, 193, 195, 197]
x_33: [4, 6, 9, 11, 12, 16, 20, 21, 28, 29, 30, 31, 35, 36, 39, 47, 53, 56, 61, 63, 64, 66, 70, 71, 73, 75, 76, 78, 79, 80, 82, 92, 96, 100, 102, 103, 111, 112, 114, 117, 119, 124, 125, 132, 136, 138, 140, 144, 145, 147, 149, 153, 154, 164, 166, 167, 169, 174, 175, 177, 179, 180, 184, 186, 187, 189, 195, 196, 197]
x_34: [4, 7, 8, 17, 18, 37, 38, 42, 43, 45, 47, 54, 60, 61, 62, 65, 72, 77, 81, 84, 85, 87, 88, 89, 93, 97, 98, 106, 108, 109, 110, 119, 122, 123, 126, 128, 130, 132, 133, 134, 139, 140, 145, 148, 152, 155, 156, 160, 161, 163, 165, 176, 178, 180, 181, 185, 190, 191, 198]
x_35: [1, 3, 4, 5, 7, 8, 10, 19, 22, 23, 24, 26, 33, 37, 40, 41, 42, 43, 44, 50, 54, 64, 65, 67, 72, 74, 76, 77, 79, 85, 93, 97, 98, 99, 109, 110, 123, 127, 131, 133, 134, 135, 142, 146, 148, 152, 154, 156, 160, 161, 163, 170, 171, 172, 173, 176, 188, 190, 191, 196, 199]
x_36: [1, 5, 8, 10, 12, 14, 18, 22, 23, 26, 33, 40, 41, 42, 43, 45, 49, 50, 54, 59, 60, 62, 63, 65, 66, 69, 72, 73, 77, 81, 84, 86, 97, 99, 100, 106, 108, 114, 128, 131, 133, 134, 135, 142, 152, 156, 161, 165, 166, 172, 178, 188, 198]
x_37: [2, 5, 6, 9, 14, 20, 24, 25, 29, 34, 35, 47, 49, 56, 61, 68, 72, 78, 80, 82, 83, 85, 86, 90, 91, 92, 95, 102, 104, 111, 115, 117, 124, 136, 141, 143, 147, 158, 162, 164, 165, 166, 170, 174, 175, 183, 184, 187, 189, 192, 193, 195]
x_38: [2, 11, 13, 21, 24, 28, 30, 34, 39, 40, 46, 47, 48, 49, 52, 56, 58, 63, 64, 70, 71, 80, 83, 88, 90, 92, 96, 101, 103, 104, 107, 110, 112, 113, 117, 124, 125, 132, 136, 137, 138, 141, 143, 149, 150, 152, 156, 157, 158, 162, 164, 166, 169, 174, 175, 177, 179, 183, 185, 187, 192, 196, 200]
x_39: [4, 7, 8, 10, 12, 15, 17, 18, 27, 33, 38, 40, 42, 43, 46, 50, 54, 60, 67, 69, 72, 73, 77, 81, 85, 86, 89, 93, 94, 99, 101, 104, 105, 106, 110, 115, 121, 122, 127, 128, 131, 135, 143, 151, 152, 155, 156, 165, 170, 185, 188, 190, 198, 199, 200]
x_40: [6, 9, 11, 13, 16, 29, 31, 35, 36, 38, 39, 47, 51, 52, 55, 56, 58, 63, 64, 68, 70, 79, 88, 90, 91, 92, 95, 96, 102, 104, 107, 110, 112, 113, 132, 136, 137, 138, 143, 145, 147, 150, 152, 154, 156, 157, 158, 159, 162, 166, 167, 169, 174, 175, 177, 179, 180, 182, 184, 185, 186, 187, 192, 195, 196, 197, 200]
x_41: [1, 2, 6, 9, 10, 21, 24, 25, 29, 30, 35, 36, 47, 49, 51, 52, 53, 55, 56, 59, 61, 63, 64, 65, 70, 75, 79, 83, 90, 92, 103, 107, 111, 114, 117, 119, 125, 136, 137, 138, 141, 144, 145, 149, 153, 157, 158, 159, 160, 162, 166, 167, 169, 175, 179, 180, 181, 183, 184, 186, 187, 189, 192, 194]
x_42: [6, 9, 13, 14, 20, 24, 29, 31, 34, 35, 36, 39, 46, 48, 51, 56, 57, 64, 68, 70, 71, 75, 79, 90, 96, 98, 101, 103, 105, 107, 108, 109, 112, 113, 116, 117, 124, 132, 135, 141, 144, 145, 147, 149, 150, 153, 154, 159, 166, 174, 175, 177, 179, 180, 184, 186, 187, 191, 194, 196, 197, 200]
x_43: [9, 13, 14, 16, 18, 20, 21, 23, 25, 31, 32, 34, 35, 36, 39, 47, 49, 51, 52, 57, 58, 61, 71, 75, 80, 82, 83, 87, 91, 92, 95, 96, 101, 103, 104, 107, 111, 112, 113, 119, 120, 131, 136, 137, 138, 143, 144, 145, 147, 150, 157, 158, 159, 164, 166, 167, 175, 177, 179, 180, 184, 196, 197]
x_44: [2, 7, 13, 14, 20, 25, 28, 30, 31, 35, 46, 47, 49, 53, 55, 57, 58, 61, 62, 70, 71, 76, 78, 82, 90, 91, 92, 94, 103, 104, 112, 113, 115, 118, 120, 124, 129, 132, 136, 137, 138, 141, 142, 143, 144, 147, 149, 150, 154, 157, 158, 164, 167, 169, 175, 179, 183, 186, 187, 189, 192, 197]
x_45: [6, 11, 13, 16, 20, 21, 29, 30, 31, 34, 36, 46, 48, 49, 52, 53, 54, 55, 57, 77, 78, 90, 91, 95, 97, 100, 104, 107, 111, 112, 113, 115, 116, 117, 120, 129, 132, 141, 147, 149, 153, 154, 157, 162, 163, 166, 175, 180, 183, 184, 186, 187, 189, 193, 194, 195, 196, 197, 199]
x_46: [3, 4, 5, 8, 10, 19, 32, 38, 39, 42, 44, 45, 50, 59, 60, 62, 65, 66, 67, 69, 72, 77, 81, 86, 87, 88, 94, 97, 101, 104, 109, 110, 115, 118, 121, 122, 123, 128, 130, 142, 143, 155, 156, 161, 165, 168, 188, 190, 191, 198, 199, 200]
x_47: [1, 4, 7, 8, 10, 15, 17, 23, 26, 27, 33, 34, 37, 38, 40, 41, 43, 44, 54, 59, 61, 62, 65, 66, 67, 69, 74, 84, 85, 89, 94, 97, 106, 109, 110, 118, 119, 121, 126, 128, 130, 132, 135, 139, 140, 145, 146, 151, 156, 168, 170, 173, 178, 180, 181, 185, 188, 191, 198, 199]
x_48: [3, 6, 7, 12, 15, 16, 17, 18, 19, 22, 38, 42, 45, 55, 60, 62, 66, 69, 70, 74, 77, 83, 84, 86, 87, 88, 89, 98, 105, 108, 110, 118, 121, 122, 128, 130, 134, 135, 139, 142, 152, 161, 165, 168, 171, 173, 176, 177, 178, 181, 185, 188, 190, 191, 198]
x_49: [1, 3, 10, 14, 17, 18, 22, 23, 26, 27, 36, 37, 38, 41, 43, 44, 45, 59, 60, 62, 63, 66, 67, 73, 84, 85, 86, 88, 89, 94, 97, 99, 100, 105, 106, 110, 114, 122, 126, 127, 128, 133, 135, 140, 146, 148, 151, 156, 165, 166, 173, 181, 185, 188, 191, 199]
x_50: [2, 6, 9, 13, 22, 25, 29, 31, 35, 36, 39, 46, 51, 52, 53, 55, 57, 64, 68, 71, 75, 76, 79, 80, 83, 89, 90, 91, 92, 96, 100, 104, 106, 107, 111, 112, 116, 119, 120, 123, 128, 132, 136, 137, 138, 141, 143, 144, 145, 149, 150, 153, 158, 174, 179, 180, 184, 189, 193, 196, 200]
x_51: [1, 5, 7, 8, 10, 12, 18, 19, 22, 23, 26, 40, 41, 42, 43, 50, 54, 65, 72, 73, 82, 84, 85, 86, 87, 88, 91, 93, 94, 98, 99, 106, 111, 116, 121, 122, 123, 127, 131, 133, 134, 135, 139, 140, 146, 152, 153, 161, 163, 165, 170, 172, 174, 190, 198]
x_52: [1, 5, 7, 10, 12, 15, 22, 26, 28, 32, 38, 40, 41, 43, 45, 50, 54, 59, 60, 65, 66, 67, 69, 72, 74, 77, 81, 84, 85, 86, 88, 89, 94, 98, 99, 108, 109, 110, 121, 122, 129, 130, 134, 135, 141, 146, 147, 149, 151, 152, 155, 156, 160, 161, 163, 171, 172, 173, 178, 181, 182, 185, 190, 198]
x_53: [1, 3, 5, 8, 17, 22, 27, 31, 32, 33, 41, 44, 45, 50, 54, 65, 67, 68, 71, 72, 73, 84, 87, 88, 93, 94, 98, 99, 109, 113, 118, 121, 122, 123, 126, 127, 130, 131, 133, 135, 139, 142, 151, 155, 156, 161, 163, 168, 171, 172, 176, 178, 181, 188, 190, 191, 192, 194, 198, 199]
x_54: [2, 11, 13, 14, 21, 24, 28, 30, 31, 34, 35, 36, 39, 45, 47, 51, 52, 53, 56, 57, 68, 75, 76, 77, 80, 82, 90, 92, 95, 96, 97, 100, 102, 103, 111, 112, 114, 116, 117, 120, 124, 129, 136, 137, 138, 141, 144, 145, 147, 149, 157, 162, 163, 164, 166, 169, 175, 184, 189, 192, 194, 195, 199, 200]
x_55: [1, 4, 6, 8, 10, 16, 18, 19, 22, 23, 27, 32, 40, 41, 44, 45, 48, 50, 59, 62, 66, 70, 72, 74, 81, 83, 85, 86, 88, 93, 97, 98, 105, 106, 109, 110, 118, 121, 123, 130, 131, 133, 134, 139, 140, 142, 152, 160, 161, 165, 176, 177, 190, 191, 199]
x_56: [3, 5, 7, 12, 18, 19, 27, 32, 33, 37, 38, 40, 41, 42, 54, 62, 72, 73, 75, 84, 85, 87, 88, 93, 94, 97, 98, 106, 112, 118, 122, 126, 128, 135, 136, 139, 140, 142, 144, 146, 152, 156, 160, 163, 168, 169, 171, 176, 178, 181, 195, 199]
x_57: [1, 4, 7, 8, 15, 17, 23, 26, 27, 32, 42, 43, 44, 45, 50, 54, 59, 62, 65, 67, 74, 77, 78, 84, 85, 86, 88, 89, 93, 94, 95, 105, 108, 109, 118, 126, 128, 130, 133, 135, 146, 148, 151, 155, 156, 158, 162, 165, 170, 178, 181, 185, 186, 188, 189, 190, 191, 198, 199]
x_58: [7, 13, 15, 17, 18, 19, 21, 22, 26, 27, 38, 40, 43, 44, 59, 60, 66, 69, 72, 74, 77, 80, 81, 84, 85, 86, 93, 105, 121, 122, 123, 125, 126, 127, 128, 130, 133, 134, 135, 137, 139, 140, 148, 150, 151, 152, 155, 163, 168, 170, 172, 176, 181, 185, 191, 198]
x_59: [1, 6, 10, 16, 20, 21, 25, 28, 30, 31, 36, 41, 46, 47, 49, 52, 55, 57, 58, 65, 68, 76, 78, 79, 80, 83, 90, 91, 92, 95, 96, 100, 102, 111, 113, 119, 120, 124, 125, 129, 132, 136, 137, 143, 144, 145, 147, 149, 150, 154, 157, 158, 160, 162, 166, 167, 175, 177, 181, 184, 187, 195, 196, 197, 200]
x_60: [2, 9, 11, 13, 14, 16, 20, 24, 27, 28, 29, 30, 34, 36, 39, 46, 48, 49, 52, 58, 71, 74, 76, 78, 80, 82, 90, 95, 101, 102, 104, 112, 113, 114, 115, 117, 120, 129, 132, 136, 141, 145, 148, 149, 150, 159, 164, 166, 169, 174, 175, 176, 178, 179, 180, 182, 183, 184, 186, 187, 189, 192, 197, 198, 200]
x_61: [4, 7, 12, 17, 18, 19, 22, 32, 33, 34, 37, 41, 43, 44, 47, 65, 67, 72, 74, 81, 84, 86, 87, 93, 97, 98, 105, 106, 109, 119, 121, 122, 123, 127, 128, 130, 131, 132, 133, 134, 135, 140, 142, 145, 146, 151, 155, 160, 161, 171, 173, 176, 180, 181, 185, 190, 198, 199]
x_62: [2, 6, 7, 14, 16, 21, 24, 34, 36, 44, 46, 47, 48, 49, 55, 56, 57, 63, 71, 75, 78, 79, 90, 91, 94, 95, 100, 104, 107, 111, 112, 115, 117, 118, 119, 125, 132, 136, 138, 141, 142, 143, 144, 157, 158, 159, 162, 164, 167, 169, 175, 177, 182, 183, 186, 187, 189, 193, 195, 196, 197]
x_63: [3, 8, 10, 12, 14, 15, 17, 18, 22, 26, 27, 32, 33, 36, 38, 40, 41, 49, 62, 66, 72, 73, 77, 84, 85, 89, 94, 100, 105, 108, 109, 110, 114, 118, 122, 123, 128, 130, 133, 135, 142, 148, 151, 152, 160, 161, 165, 166, 170, 172, 176, 181, 185, 191]
x_64: [4, 5, 8, 15, 17, 19, 22, 24, 27, 33, 35, 38, 40, 41, 42, 50, 66, 67, 72, 76, 77, 79, 84, 86, 87, 89, 94, 97, 99, 105, 106, 108, 109, 121, 123, 126, 130, 131, 134, 135, 139, 140, 142, 151, 152, 154, 155, 156, 160, 161, 170, 171, 176, 178, 191, 196, 199]
x_65: [1, 2, 10, 11, 13, 16, 21, 30, 34, 35, 36, 41, 46, 47, 51, 52, 53, 57, 59, 61, 70, 75, 76, 79, 80, 91, 95, 96, 101, 102, 107, 111, 113, 114, 115, 117, 119, 120, 124, 136, 137, 138, 141, 145, 147, 159, 160, 162, 164, 167, 180, 181, 184, 187, 189, 192, 194, 196, 197, 200]
x_66: [4, 6, 9, 12, 13, 14, 16, 28, 29, 30, 33, 36, 46, 47, 48, 49, 52, 55, 58, 63, 64, 70, 73, 75, 78, 79, 80, 82, 95, 101, 102, 103, 107, 112, 115, 116, 117, 132, 136, 137, 138, 140, 141, 143, 144, 147, 150, 153, 154, 157, 159, 177, 179, 182, 183, 186, 187, 192, 196, 197, 200]
x_67: [2, 13, 14, 17, 24, 28, 35, 39, 46, 47, 49, 52, 53, 57, 61, 64, 68, 70, 71, 78, 79, 80, 82, 83, 91, 93, 99, 100, 101, 102, 103, 107, 111, 114, 115, 116, 117, 119, 125, 132, 136, 137, 138, 145, 146, 147, 154, 158, 159, 162, 164, 167, 171, 174, 180, 187, 192, 193, 194, 196, 197, 200]
x_68: [1, 4, 7, 8, 10, 12, 17, 19, 22, 23, 26, 27, 31, 32, 37, 40, 42, 50, 53, 54, 59, 67, 71, 72, 77, 81, 84, 88, 89, 93, 94, 98, 99, 105, 110, 113, 118, 121, 122, 123, 127, 130, 131, 134, 135, 142, 146, 151, 156, 160, 163, 170, 171, 172, 176, 178, 188, 192, 194, 199]
x_69: [3, 14, 19, 20, 24, 30, 36, 39, 46, 47, 48, 52, 58, 70, 79, 83, 91, 96, 101, 103, 104, 114, 117, 119, 120, 124, 125, 129, 130, 132, 134, 137, 139, 141, 145, 154, 159, 166, 167, 169, 175, 177, 186, 187]
x_70: [3, 4, 5, 6, 7, 8, 10, 12, 15, 16, 22, 23, 26, 33, 38, 40, 41, 42, 44, 48, 55, 65, 66, 67, 69, 77, 83, 84, 89, 93, 97, 98, 99, 105, 110, 121, 122, 123, 127, 128, 130, 134, 135, 139, 140, 146, 152, 156, 160, 163, 168, 171, 176, 177, 188, 199]
x_71: [1, 3, 4, 7, 8, 10, 12, 15, 17, 18, 23, 26, 31, 32, 33, 38, 42, 43, 44, 50, 53, 60, 62, 67, 68, 72, 74, 81, 84, 87, 88, 105, 106, 110, 113, 118, 122, 123, 126, 127, 128, 130, 133, 135, 140, 142, 146, 148, 151, 152, 155, 156, 160, 163, 171, 172, 173, 176, 178, 188, 191, 192, 194, 198, 199]
x_72: [5, 6, 9, 11, 14, 20, 25, 28, 34, 35, 36, 37, 39, 46, 51, 52, 53, 55, 56, 58, 61, 63, 64, 68, 71, 75, 76, 78, 80, 82, 83, 85, 86, 92, 95, 100, 102, 103, 104, 107, 112, 113, 114, 115, 116, 117, 119, 120, 144, 145, 147, 149, 154, 162, 165, 166, 170, 174, 177, 179, 182, 183, 184, 186, 189, 193, 197]
x_73: [2, 4, 12, 13, 14, 16, 25, 30, 31, 33, 36, 39, 49, 51, 53, 56, 63, 66, 75, 78, 79, 80, 82, 91, 95, 111, 112, 114, 115, 116, 117, 120, 125, 129, 136, 138, 140, 141, 143, 144, 147, 149, 150, 154, 157, 158, 164, 166, 167, 169, 174, 175, 177, 184, 187, 189, 192, 194, 195, 197]
x_74: [6, 9, 13, 14, 16, 20, 24, 27, 30, 31, 35, 47, 48, 52, 55, 57, 58, 60, 61, 71, 79, 80, 82, 83, 90, 95, 96, 102, 111, 113, 116, 117, 120, 124, 129, 136, 141, 144, 148, 149, 150, 154, 157, 158, 159, 162, 166, 175, 176, 177, 178, 180, 182, 187, 189, 192, 193, 195, 198]
x_75: [5, 7, 12, 15, 23, 27, 33, 41, 42, 43, 50, 54, 56, 62, 65, 66, 72, 73, 81, 84, 85, 86, 87, 88, 93, 94, 97, 98, 99, 105, 106, 108, 109, 110, 112, 126, 130, 131, 134, 135, 136, 140, 142, 144, 155, 156, 161, 163, 165, 169, 170, 176, 178, 181, 188, 195, 198]
x_76: [1, 3, 4, 5, 7, 12, 15, 18, 22, 23, 24, 27, 33, 35, 44, 50, 54, 59, 60, 64, 65, 72, 77, 79, 81, 84, 85, 86, 87, 89, 93, 99, 106, 108, 109, 110, 122, 123, 126, 134, 135, 140, 142, 146, 148, 152, 154, 155, 161, 163, 176, 178, 181, 185, 188, 190, 191, 196, 198]
x_77: [2, 6, 11, 13, 14, 20, 28, 29, 30, 31, 34, 35, 36, 39, 45, 46, 48, 52, 54, 57, 58, 63, 64, 68, 70, 76, 90, 92, 97, 102, 104, 107, 111, 112, 113, 114, 115, 116, 117, 120, 124, 125, 129, 136, 137, 138, 143, 145, 147, 150, 153, 154, 157, 158, 159, 163, 166, 167, 169, 174, 175, 177, 186, 187, 189, 192, 193, 194, 195, 196, 199]
x_78: [5, 7, 8, 17, 18, 22, 26, 27, 33, 37, 44, 45, 57, 59, 60, 62, 66, 67, 72, 73, 81, 86, 87, 89, 94, 95, 98, 106, 108, 122, 126, 131, 139, 140, 146, 148, 151, 155, 156, 158, 160, 161, 162, 165, 168, 170, 171, 172, 173, 178, 185, 186, 189, 190]
x_79: [5, 7, 8, 12, 17, 18, 19, 23, 24, 33, 35, 40, 41, 42, 50, 59, 62, 64, 65, 66, 67, 69, 73, 74, 76, 84, 87, 89, 97, 98, 99, 105, 108, 109, 122, 123, 127, 131, 133, 134, 135, 139, 146, 148, 152, 154, 160, 161, 163, 170, 171, 173, 176, 178, 185, 188, 196]
x_80: [1, 4, 5, 8, 10, 12, 13, 15, 18, 19, 21, 23, 27, 32, 33, 37, 38, 43, 50, 54, 58, 59, 60, 65, 66, 67, 72, 73, 74, 81, 85, 87, 88, 105, 110, 118, 125, 130, 133, 137, 139, 140, 148, 150, 151, 152, 156, 160, 163, 171, 172, 176, 178, 181, 185, 190, 191, 199]
x_81: [6, 9, 14, 20, 21, 24, 25, 26, 28, 29, 34, 36, 39, 46, 52, 55, 58, 61, 68, 71, 75, 76, 78, 80, 82, 90, 91, 100, 102, 103, 104, 113, 116, 119, 120, 121, 124, 125, 137, 143, 145, 147, 149, 153, 159, 162, 164, 167, 168, 169, 173, 177, 180, 186, 189, 190, 192, 194, 195, 197, 200]
x_82: [1, 7, 10, 12, 15, 17, 19, 22, 23, 26, 27, 32, 33, 37, 43, 44, 51, 54, 60, 66, 67, 72, 73, 74, 81, 86, 87, 91, 94, 97, 98, 99, 111, 116, 118, 121, 126, 128, 134, 135, 139, 142, 146, 148, 151, 153, 155, 156, 160, 161, 163, 170, 171, 172, 174, 176, 178, 181, 185, 188, 190, 199]
x_83: [1, 3, 4, 6, 7, 8, 10, 12, 16, 18, 19, 37, 38, 41, 43, 48, 50, 55, 59, 67, 69, 70, 72, 74, 86, 87, 88, 89, 93, 94, 99, 105, 109, 110, 118, 122, 126, 127, 128, 130, 131, 135, 139, 142, 146, 148, 151, 160, 161, 165, 168, 171, 172, 176, 177, 178, 181, 191, 198, 199]
x_84: [2, 9, 13, 16, 24, 25, 29, 30, 34, 36, 47, 48, 49, 51, 52, 53, 56, 57, 58, 61, 63, 64, 68, 70, 71, 75, 76, 79, 90, 91, 92, 95, 96, 100, 102, 103, 107, 112, 115, 117, 119, 120, 122, 125, 132, 133, 137, 138, 141, 150, 154, 155, 159, 161, 162, 166, 174, 175, 179, 180, 182, 184, 187, 188, 194, 195]
x_85: [5, 6, 16, 20, 24, 28, 29, 30, 34, 35, 37, 39, 47, 49, 51, 52, 55, 56, 57, 58, 63, 72, 75, 76, 80, 86, 90, 91, 92, 101, 102, 103, 111, 113, 114, 115, 116, 117, 119, 129, 132, 137, 138, 141, 145, 147, 149, 150, 154, 159, 162, 165, 167, 170, 174, 175, 177, 183, 184, 186, 187, 189, 193, 194, 195, 196, 197]
x_86: [2, 5, 6, 9, 11, 14, 16, 20, 21, 24, 29, 31, 36, 37, 39, 46, 48, 49, 51, 52, 55, 57, 58, 61, 64, 72, 75, 76, 78, 82, 83, 85, 90, 96, 100, 101, 102, 103, 107, 113, 115, 119, 129, 132, 137, 138, 143, 147, 150, 154, 157, 159, 162, 165, 166, 169, 170, 186, 187, 200]
x_87: [2, 13, 18, 20, 21, 23, 25, 28, 31, 32, 34, 43, 46, 48, 51, 53, 56, 61, 64, 71, 75, 76, 78, 79, 80, 82, 83, 90, 92, 100, 101, 102, 103, 104, 107, 112, 114, 115, 117, 119, 125, 129, 131, 136, 138, 141, 145, 147, 157, 162, 164, 166, 167, 175, 177, 179, 180, 182, 183, 187, 192, 194, 196, 197]
x_88: [6, 11, 16, 21, 28, 30, 34, 38, 40, 46, 48, 49, 51, 52, 53, 55, 56, 57, 68, 71, 75, 80, 83, 90, 92, 101, 104, 107, 110, 111, 113, 115, 116, 117, 119, 129, 136, 137, 138, 144, 147, 149, 152, 153, 154, 156, 157, 158, 159, 164, 166, 167, 175, 177, 182, 183, 185, 192, 194, 195, 197]
x_89: [2, 14, 20, 22, 25, 28, 29, 31, 34, 39, 47, 48, 49, 50, 52, 57, 63, 64, 68, 70, 76, 78, 79, 83, 92, 96, 101, 103, 104, 106, 107, 111, 112, 113, 114, 115, 119, 123, 124, 128, 129, 136, 137, 144, 145, 153, 154, 158, 159, 162, 164, 174, 175, 182, 186, 187, 189, 195, 196, 197]
x_90: [2, 3, 4, 5, 7, 8, 10, 15, 17, 18, 23, 26, 29, 37, 38, 40, 41, 42, 44, 45, 50, 54, 59, 60, 62, 74, 77, 81, 84, 85, 86, 87, 88, 94, 99, 103, 105, 106, 110, 117, 118, 122, 123, 126, 128, 131, 134, 139, 142, 151, 152, 160, 161, 163, 170, 171, 172, 176, 181, 184, 185, 188, 190, 193]
x_91: [1, 3, 4, 5, 7, 15, 17, 18, 22, 23, 26, 27, 32, 37, 40, 43, 44, 45, 50, 51, 59, 62, 65, 67, 69, 73, 81, 82, 84, 85, 94, 98, 108, 110, 111, 116, 118, 122, 123, 131, 133, 139, 140, 142, 148, 151, 152, 153, 156, 160, 163, 168, 170, 173, 174, 178, 185, 190, 191, 198, 199]
x_92: [1, 3, 4, 7, 8, 9, 10, 18, 23, 25, 26, 32, 33, 37, 38, 40, 41, 43, 44, 50, 54, 59, 72, 77, 84, 85, 87, 88, 89, 93, 96, 97, 105, 106, 107, 108, 109, 123, 131, 133, 134, 135, 140, 155, 156, 161, 168, 170, 171, 172, 175, 185, 190, 191, 197]
x_93: [2, 6, 9, 17, 24, 29, 31, 34, 35, 39, 51, 53, 55, 56, 57, 58, 61, 67, 68, 70, 75, 76, 83, 92, 96, 99, 100, 101, 104, 107, 112, 113, 114, 115, 117, 120, 124, 125, 129, 136, 138, 141, 143, 145, 146, 147, 149, 150, 153, 154, 157, 158, 159, 162, 169, 171, 179, 183, 184, 186, 192, 194, 195, 196, 200]
x_94: [2, 7, 9, 16, 39, 44, 46, 47, 49, 51, 52, 53, 56, 57, 62, 63, 64, 68, 75, 78, 82, 83, 90, 91, 95, 102, 107, 111, 112, 113, 114, 115, 116, 117, 118, 119, 120, 129, 132, 136, 138, 142, 143, 149, 150, 153, 157, 162, 166, 167, 175, 177, 180, 182, 186, 189, 192, 193, 195]
x_95: [1, 3, 4, 5, 7, 8, 10, 15, 18, 19, 26, 32, 37, 40, 43, 45, 54, 57, 59, 60, 62, 65, 66, 72, 73, 74, 78, 84, 94, 98, 99, 105, 106, 108, 109, 110, 118, 122, 123, 127, 128, 131, 134, 139, 140, 151, 152, 155, 158, 161, 162, 163, 165, 168, 171, 172, 176, 181, 185, 186, 188, 189, 190, 198]
x_96: [1, 9, 10, 12, 15, 17, 18, 22, 25, 33, 38, 40, 42, 43, 50, 54, 59, 65, 69, 74, 84, 86, 89, 92, 93, 97, 98, 106, 107, 108, 109, 110, 122, 123, 127, 140, 142, 146, 148, 151, 152, 168, 170, 171, 172, 175, 178, 188, 190, 197, 198, 199]
x_97: [2, 16, 24, 25, 29, 30, 31, 34, 35, 36, 45, 46, 47, 49, 54, 55, 56, 61, 64, 70, 75, 77, 79, 82, 92, 96, 104, 107, 111, 112, 113, 114, 117, 120, 124, 125, 129, 132, 136, 145, 147, 157, 158, 162, 163, 164, 167, 169, 177, 179, 180, 182, 183, 184, 187, 189, 193, 194, 195, 196, 199]
x_98: [6, 9, 13, 21, 24, 25, 28, 30, 34, 35, 42, 48, 51, 52, 53, 55, 56, 61, 68, 70, 75, 78, 79, 82, 91, 95, 96, 100, 102, 103, 104, 105, 107, 108, 109, 112, 113, 115, 116, 117, 119, 120, 125, 129, 135, 144, 145, 147, 153, 154, 159, 162, 164, 169, 174, 180, 187, 191, 192, 193, 194, 195, 197, 200]
x_99: [14, 17, 20, 24, 25, 29, 31, 35, 36, 39, 49, 51, 52, 53, 64, 67, 68, 70, 75, 76, 79, 82, 83, 90, 93, 95, 101, 102, 104, 107, 113, 114, 116, 117, 125, 138, 143, 145, 146, 150, 157, 159, 164, 167, 169, 171, 177, 182, 183, 187, 189, 192, 194, 196]
x_100: [1, 7, 8, 10, 14, 17, 18, 19, 22, 26, 32, 33, 36, 45, 49, 50, 54, 59, 62, 63, 67, 72, 81, 84, 86, 87, 93, 98, 106, 108, 110, 114, 121, 122, 123, 130, 131, 134, 140, 152, 160, 163, 165, 166, 170, 173, 176, 178, 185, 188, 191, 198, 199]
x_101: [3, 4, 7, 8, 10, 15, 17, 18, 32, 38, 39, 42, 43, 46, 60, 65, 66, 67, 69, 85, 86, 87, 88, 89, 93, 99, 104, 105, 106, 108, 109, 110, 115, 118, 121, 122, 126, 127, 130, 133, 134, 139, 140, 143, 146, 151, 155, 156, 170, 178, 181, 185, 190, 199, 200]
x_102: [1, 5, 7, 10, 11, 12, 18, 26, 30, 32, 33, 37, 40, 54, 59, 60, 65, 66, 67, 72, 74, 77, 81, 84, 85, 86, 87, 94, 98, 99, 105, 108, 109, 118, 120, 121, 122, 127, 130, 133, 139, 142, 146, 148, 152, 155, 156, 157, 159, 163, 168, 170, 171, 172, 173, 176, 187, 188]
x_103: [1, 2, 3, 5, 8, 12, 15, 18, 19, 26, 27, 29, 32, 33, 38, 41, 42, 43, 44, 54, 66, 67, 69, 72, 81, 84, 85, 86, 87, 89, 90, 98, 105, 106, 108, 117, 130, 133, 134, 139, 140, 146, 151, 152, 155, 160, 161, 163, 165, 170, 172, 176, 178, 184, 188, 191, 193, 198]
x_104: [1, 4, 8, 12, 15, 17, 19, 23, 27, 32, 37, 38, 39, 40, 43, 44, 45, 46, 50, 60, 62, 69, 72, 77, 81, 87, 88, 89, 93, 97, 98, 99, 101, 108, 110, 115, 121, 123, 126, 127, 128, 130, 133, 142, 143, 148, 151, 155, 156, 160, 165, 171, 172, 176, 178, 190, 199, 200]
x_105: [2, 9, 13, 14, 16, 20, 21, 25, 29, 31, 39, 42, 48, 49, 55, 57, 58, 61, 63, 64, 68, 70, 71, 75, 79, 80, 83, 90, 92, 95, 98, 101, 102, 103, 107, 108, 109, 111, 112, 114, 116, 117, 119, 125, 129, 135, 144, 149, 150, 153, 158, 162, 167, 177, 182, 183, 184, 191, 192, 193]
x_106: [6, 9, 14, 16, 20, 22, 31, 34, 36, 39, 47, 49, 50, 51, 55, 56, 61, 64, 71, 75, 76, 78, 89, 90, 92, 95, 96, 100, 101, 103, 111, 114, 115, 119, 123, 124, 125, 128, 136, 137, 141, 143, 145, 150, 153, 158, 162, 166, 167, 169, 174, 175, 179, 180, 182, 183, 186, 187, 189, 193, 194, 195, 196, 197, 200]
x_107: [1, 4, 5, 7, 9, 15, 17, 19, 23, 25, 38, 40, 41, 42, 43, 45, 50, 62, 65, 66, 67, 72, 77, 84, 86, 87, 88, 89, 92, 93, 94, 96, 97, 98, 99, 105, 108, 109, 110, 121, 123, 126, 128, 130, 131, 133, 134, 135, 152, 155, 160, 161, 170, 171, 172, 173, 175, 176, 181, 188, 190, 191, 197, 198, 199]
x_108: [13, 21, 25, 28, 29, 31, 34, 36, 42, 48, 52, 57, 63, 64, 75, 76, 78, 79, 91, 92, 95, 96, 98, 100, 101, 102, 103, 104, 105, 107, 109, 111, 115, 119, 120, 124, 135, 137, 138, 141, 143, 149, 150, 153, 154, 157, 162, 166, 167, 169, 175, 177, 180, 182, 183, 184, 186, 187, 191, 192, 195, 197]
x_109: [2, 6, 9, 13, 14, 20, 24, 34, 35, 42, 46, 47, 52, 53, 55, 57, 61, 63, 64, 75, 76, 79, 83, 92, 95, 96, 98, 101, 102, 105, 107, 108, 112, 113, 114, 117, 120, 124, 125, 129, 132, 135, 136, 138, 147, 154, 157, 158, 159, 167, 174, 177, 180, 182, 184, 186, 191]
x_110: [9, 11, 14, 16, 24, 31, 34, 35, 38, 39, 40, 46, 47, 48, 49, 52, 55, 63, 68, 70, 71, 75, 76, 80, 83, 88, 90, 91, 95, 96, 100, 101, 104, 107, 111, 112, 113, 115, 116, 119, 124, 129, 136, 137, 138, 143, 144, 145, 147, 150, 152, 153, 154, 156, 157, 166, 167, 174, 175, 179, 180, 183, 184, 185, 186, 187, 189, 192, 193, 196, 197]
x_111: [3, 4, 5, 8, 10, 23, 27, 32, 33, 37, 41, 43, 45, 50, 51, 54, 59, 62, 65, 67, 73, 74, 77, 82, 85, 88, 89, 91, 94, 97, 105, 106, 108, 110, 116, 121, 122, 126, 127, 130, 133, 134, 135, 139, 146, 151, 153, 165, 170, 173, 174, 178, 181, 185, 191, 198, 199]
x_112: [8, 12, 17, 19, 22, 26, 27, 32, 33, 38, 40, 42, 43, 44, 45, 50, 54, 56, 60, 62, 66, 72, 73, 75, 77, 84, 87, 89, 93, 94, 97, 98, 105, 109, 110, 118, 122, 123, 127, 133, 136, 142, 144, 148, 151, 152, 155, 161, 163, 165, 169, 170, 171, 172, 173, 176, 190, 195, 198]
x_113: [3, 4, 7, 8, 15, 18, 22, 23, 31, 32, 38, 40, 42, 43, 44, 45, 53, 59, 60, 65, 68, 71, 72, 74, 77, 81, 85, 86, 88, 89, 93, 94, 97, 98, 99, 109, 110, 121, 122, 123, 126, 127, 130, 131, 133, 142, 152, 160, 163, 165, 168, 170, 172, 176, 178, 188, 192, 194, 199]
x_114: [1, 4, 5, 10, 12, 14, 15, 19, 22, 26, 27, 32, 33, 36, 41, 49, 54, 60, 63, 65, 67, 69, 72, 73, 77, 85, 87, 89, 93, 94, 97, 99, 100, 105, 106, 109, 118, 121, 122, 134, 135, 139, 142, 146, 148, 152, 155, 156, 160, 161, 163, 166, 168, 170, 171, 172, 173, 181, 185, 188]
x_115: [1, 3, 7, 8, 10, 12, 15, 17, 19, 22, 26, 37, 39, 44, 45, 46, 60, 62, 65, 66, 67, 72, 73, 77, 84, 85, 86, 87, 88, 89, 93, 94, 98, 101, 104, 106, 108, 110, 118, 122, 126, 127, 128, 131, 135, 139, 142, 143, 146, 151, 152, 155, 160, 163, 165, 170, 171, 172, 181, 185, 188, 200]
x_116: [4, 5, 7, 10, 12, 18, 19, 22, 23, 27, 32, 42, 45, 50, 51, 54, 66, 67, 72, 73, 74, 77, 81, 82, 85, 88, 91, 94, 98, 99, 105, 110, 111, 118, 123, 128, 131, 134, 135, 139, 146, 152, 153, 155, 156, 161, 163, 165, 168, 170, 172, 173, 174, 176, 178, 185, 188, 191, 198]
x_117: [2, 3, 4, 7, 17, 23, 27, 29, 32, 33, 37, 38, 41, 42, 45, 54, 60, 62, 65, 66, 67, 69, 72, 73, 74, 77, 84, 85, 87, 88, 90, 93, 94, 97, 98, 99, 103, 105, 109, 118, 121, 122, 123, 127, 131, 133, 134, 135, 146, 152, 155, 156, 163, 165, 170, 172, 173, 181, 184, 185, 188, 191, 193, 199]
x_118: [2, 7, 13, 14, 21, 24, 25, 28, 30, 44, 46, 47, 48, 53, 55, 56, 57, 62, 63, 68, 71, 80, 82, 83, 90, 91, 94, 95, 101, 102, 112, 114, 115, 116, 117, 124, 125, 129, 132, 137, 141, 142, 145, 149, 154, 157, 159, 169, 174, 175, 177, 184, 189, 193, 194, 197]
x_119: [5, 7, 8, 12, 18, 22, 32, 33, 34, 41, 43, 47, 50, 59, 61, 62, 65, 67, 69, 72, 81, 84, 85, 86, 87, 88, 89, 94, 98, 105, 106, 108, 110, 121, 122, 123, 128, 130, 131, 132, 135, 145, 146, 148, 151, 152, 156, 163, 165, 170, 171, 172, 176, 180, 188, 198, 199]
x_120: [1, 3, 5, 7, 10, 11, 15, 18, 26, 30, 32, 43, 44, 45, 50, 54, 59, 60, 65, 69, 72, 73, 74, 77, 81, 84, 93, 94, 97, 98, 102, 108, 109, 121, 128, 130, 131, 133, 135, 142, 146, 148, 155, 157, 159, 160, 165, 170, 171, 172, 178, 187, 191, 198]
x_121: [2, 11, 14, 16, 20, 25, 26, 28, 39, 46, 47, 48, 51, 52, 53, 55, 58, 61, 64, 68, 70, 81, 82, 100, 101, 102, 104, 107, 111, 113, 114, 117, 119, 120, 125, 137, 138, 141, 143, 144, 145, 147, 149, 150, 153, 159, 164, 166, 167, 168, 173, 175, 177, 182, 186, 189, 190, 192, 194, 197]
x_122: [9, 16, 20, 21, 24, 25, 28, 29, 30, 34, 39, 46, 48, 49, 51, 52, 53, 56, 58, 61, 63, 68, 70, 71, 76, 78, 79, 83, 84, 90, 91, 95, 96, 100, 101, 102, 111, 112, 113, 114, 115, 117, 119, 125, 129, 132, 133, 136, 143, 144, 145, 147, 149, 153, 155, 157, 161, 162, 164, 167, 169, 174, 175, 180, 182, 183, 184, 186, 188, 189, 195, 196, 197, 200]
x_123: [6, 9, 11, 13, 14, 20, 22, 28, 30, 34, 35, 46, 50, 51, 53, 55, 58, 61, 63, 64, 68, 70, 71, 76, 79, 89, 90, 91, 92, 95, 96, 100, 104, 106, 107, 112, 113, 116, 117, 119, 124, 125, 128, 132, 143, 144, 153, 158, 159, 162, 164, 174, 177, 184, 186, 192, 194, 197, 200]
x_124: [3, 4, 5, 7, 8, 12, 15, 17, 18, 19, 20, 23, 27, 32, 33, 37, 38, 42, 44, 54, 59, 65, 69, 74, 77, 81, 89, 93, 97, 106, 108, 109, 110, 118, 123, 126, 127, 128, 131, 133, 135, 138, 140, 142, 146, 151, 152, 161, 164, 165, 167, 168, 170, 172, 176, 178, 179, 181, 183, 198, 199]
x_125: [5, 7, 12, 13, 17, 19, 21, 27, 33, 38, 41, 58, 59, 62, 67, 69, 73, 77, 80, 81, 84, 87, 93, 97, 98, 99, 105, 106, 109, 118, 121, 122, 123, 127, 128, 130, 131, 133, 135, 137, 139, 140, 146, 150, 151, 152, 155, 156, 163, 165, 170, 171, 190, 191, 199]
x_126: [8, 11, 13, 15, 20, 21, 25, 29, 30, 34, 47, 49, 53, 56, 57, 58, 64, 71, 75, 76, 78, 82, 83, 90, 101, 104, 107, 111, 113, 115, 124, 127, 129, 136, 138, 141, 143, 147, 150, 151, 154, 158, 162, 172, 174, 177, 180, 182, 183, 186, 189, 192, 193, 195, 196, 197, 200]
x_127: [2, 8, 11, 13, 15, 16, 24, 28, 31, 35, 39, 49, 51, 53, 58, 61, 68, 70, 71, 79, 83, 95, 96, 101, 102, 104, 111, 112, 113, 115, 117, 124, 125, 126, 132, 138, 141, 145, 147, 149, 150, 151, 153, 158, 159, 162, 166, 172, 177, 180, 183, 186, 189, 192, 195, 196, 197, 200]
x_128: [11, 13, 14, 20, 21, 22, 24, 28, 29, 34, 36, 39, 46, 47, 48, 49, 50, 56, 57, 58, 61, 63, 70, 71, 82, 83, 89, 90, 95, 104, 106, 107, 115, 116, 119, 120, 123, 124, 125, 129, 136, 138, 141, 143, 147, 153, 157, 158, 159, 164, 166, 167, 169, 174, 175, 177, 182, 183, 184, 186, 187, 192, 193, 194, 196, 200]
x_129: [3, 5, 10, 12, 18, 19, 22, 28, 32, 44, 45, 52, 54, 59, 60, 69, 73, 74, 77, 85, 86, 87, 88, 89, 93, 94, 97, 98, 105, 109, 110, 118, 122, 126, 128, 133, 140, 141, 147, 149, 152, 156, 160, 161, 163, 165, 171, 172, 173, 176, 181, 182, 190, 191, 198, 199]
x_130: [2, 3, 14, 16, 19, 20, 24, 25, 28, 29, 31, 34, 46, 47, 48, 52, 53, 55, 57, 58, 61, 63, 64, 68, 69, 70, 71, 75, 80, 83, 100, 101, 102, 103, 104, 107, 111, 113, 119, 120, 125, 134, 136, 137, 138, 139, 141, 143, 144, 145, 149, 150, 153, 162, 164, 166, 174, 177, 179, 180, 182, 183, 184, 187, 193, 196, 197]
x_131: [11, 13, 14, 18, 21, 23, 30, 32, 35, 36, 39, 43, 51, 53, 55, 61, 64, 68, 75, 78, 79, 83, 87, 90, 91, 92, 95, 100, 107, 113, 115, 116, 117, 119, 120, 124, 125, 132, 137, 143, 144, 147, 153, 154, 159, 162, 169, 177, 182, 184, 186, 189, 192, 194, 195, 197]
x_132: [1, 3, 5, 10, 15, 19, 22, 23, 32, 33, 34, 38, 40, 42, 44, 45, 47, 50, 59, 60, 61, 62, 66, 67, 69, 84, 85, 86, 94, 97, 109, 118, 119, 122, 123, 127, 131, 139, 140, 145, 146, 148, 151, 152, 156, 160, 161, 163, 165, 168, 170, 171, 172, 176, 180, 181, 188, 190, 191]
x_133: [2, 13, 14, 16, 24, 25, 28, 34, 35, 36, 49, 51, 53, 55, 57, 58, 61, 63, 71, 79, 80, 84, 91, 92, 101, 102, 103, 104, 107, 111, 112, 113, 117, 120, 122, 124, 125, 129, 136, 141, 143, 145, 147, 150, 154, 155, 157, 158, 161, 164, 166, 174, 179, 182, 183, 188, 189, 193, 195, 196]
x_134: [2, 3, 6, 9, 11, 14, 19, 21, 25, 31, 34, 35, 36, 48, 51, 52, 55, 58, 61, 64, 68, 69, 70, 75, 76, 79, 82, 90, 92, 95, 100, 101, 103, 107, 111, 114, 116, 117, 130, 136, 137, 138, 139, 141, 143, 145, 150, 157, 167, 175, 177, 179, 184, 186, 187, 189, 192, 196, 197, 200]
x_135: [2, 13, 16, 21, 24, 25, 28, 29, 31, 35, 36, 39, 42, 47, 48, 49, 51, 52, 53, 56, 57, 58, 61, 63, 64, 68, 70, 71, 75, 76, 79, 82, 83, 92, 98, 105, 107, 108, 109, 111, 114, 115, 116, 117, 119, 120, 124, 125, 137, 138, 141, 144, 145, 154, 157, 158, 159, 162, 164, 166, 169, 175, 177, 179, 182, 184, 186, 187, 189, 191, 192, 193, 197]
x_136: [1, 3, 4, 5, 7, 8, 10, 17, 18, 22, 23, 26, 27, 32, 33, 37, 38, 40, 41, 43, 44, 50, 54, 56, 59, 60, 62, 65, 66, 67, 73, 74, 75, 77, 87, 88, 89, 93, 94, 97, 106, 109, 110, 112, 122, 126, 128, 130, 133, 134, 144, 148, 155, 165, 168, 169, 170, 173, 178, 185, 188, 195, 198]
x_137: [1, 3, 4, 5, 10, 13, 17, 19, 21, 22, 23, 26, 27, 38, 40, 41, 43, 44, 50, 54, 58, 59, 65, 66, 67, 69, 77, 80, 81, 84, 85, 86, 88, 89, 106, 108, 110, 118, 121, 125, 130, 131, 134, 135, 139, 140, 142, 148, 150, 152, 155, 156, 160, 163, 168, 172, 181]
x_138: [1, 3, 4, 10, 15, 18, 20, 22, 23, 26, 27, 32, 33, 38, 40, 41, 43, 44, 50, 54, 62, 65, 66, 67, 73, 77, 84, 85, 86, 87, 88, 93, 94, 99, 108, 109, 110, 121, 124, 126, 127, 128, 130, 134, 135, 139, 148, 151, 155, 156, 164, 167, 173, 179, 181, 183, 185, 188, 191, 198, 199]
x_139: [3, 9, 13, 14, 19, 20, 21, 25, 28, 30, 34, 47, 48, 51, 53, 55, 56, 58, 64, 69, 70, 78, 79, 80, 82, 83, 90, 91, 95, 101, 102, 103, 111, 114, 115, 116, 125, 130, 132, 134, 137, 138, 141, 143, 144, 145, 150, 153, 159, 167, 169, 175, 184, 186, 187, 189, 192, 193]
x_140: [2, 4, 9, 12, 24, 25, 31, 33, 34, 47, 49, 51, 55, 56, 58, 61, 64, 66, 70, 71, 73, 75, 76, 78, 80, 91, 92, 95, 96, 100, 101, 103, 124, 125, 129, 132, 137, 141, 144, 145, 147, 150, 153, 154, 157, 167, 169, 175, 177, 180, 182, 183, 184, 186, 189, 193, 194, 195, 196]
x_141: [1, 3, 7, 8, 15, 17, 22, 28, 37, 38, 41, 42, 44, 45, 50, 52, 54, 60, 62, 65, 66, 69, 73, 74, 84, 85, 87, 93, 106, 108, 118, 121, 126, 127, 128, 129, 130, 133, 134, 135, 139, 140, 147, 148, 149, 151, 155, 156, 173, 181, 182, 188, 191, 198, 199]
x_142: [6, 7, 9, 13, 14, 24, 25, 28, 30, 35, 36, 44, 46, 48, 53, 55, 56, 61, 62, 63, 64, 68, 71, 75, 76, 82, 83, 90, 91, 94, 96, 102, 104, 112, 113, 114, 115, 118, 120, 124, 137, 143, 144, 145, 153, 158, 159, 162, 164, 169, 174, 179, 180, 182, 183, 184, 186, 187, 189, 193, 194, 195, 197, 200]
x_143: [1, 4, 18, 19, 26, 32, 37, 38, 39, 40, 43, 44, 46, 50, 59, 62, 66, 73, 77, 81, 86, 93, 94, 99, 101, 104, 106, 108, 110, 115, 121, 122, 123, 126, 128, 130, 131, 133, 134, 139, 142, 146, 148, 151, 152, 160, 161, 170, 171, 172, 173, 176, 178, 185, 190, 198, 200]
x_144: [3, 4, 5, 8, 10, 18, 22, 23, 32, 33, 41, 42, 43, 44, 50, 54, 56, 59, 62, 66, 72, 73, 74, 75, 88, 89, 98, 105, 110, 112, 121, 122, 123, 130, 131, 135, 136, 139, 140, 142, 148, 151, 155, 156, 160, 161, 165, 168, 169, 170, 171, 172, 173, 176, 181, 188, 195]
x_145: [1, 3, 4, 7, 10, 12, 18, 19, 22, 23, 32, 33, 34, 40, 41, 42, 43, 47, 50, 54, 59, 60, 61, 65, 67, 69, 72, 77, 81, 85, 87, 89, 93, 97, 98, 99, 106, 110, 118, 119, 121, 122, 127, 130, 132, 133, 134, 135, 139, 140, 142, 148, 152, 155, 160, 168, 170, 171, 172, 176, 178, 180, 185, 190, 191]
x_146: [2, 6, 13, 16, 17, 21, 24, 29, 30, 31, 35, 47, 49, 51, 52, 56, 57, 61, 67, 68, 70, 71, 76, 78, 79, 82, 83, 93, 96, 99, 101, 102, 103, 111, 114, 115, 116, 117, 119, 120, 124, 125, 132, 143, 147, 149, 150, 154, 158, 159, 166, 169, 171, 175, 182, 186, 187, 189, 192, 193, 196, 200]
x_147: [1, 4, 5, 17, 18, 19, 28, 32, 33, 37, 40, 42, 43, 44, 45, 52, 54, 59, 65, 66, 67, 72, 73, 77, 81, 85, 86, 87, 88, 93, 97, 98, 109, 110, 121, 122, 126, 127, 128, 129, 131, 133, 140, 141, 146, 148, 149, 151, 152, 160, 161, 163, 165, 168, 173, 176, 181, 182, 185, 198, 199]
x_148: [6, 9, 14, 16, 20, 21, 27, 28, 29, 30, 34, 35, 49, 57, 58, 60, 63, 71, 74, 76, 78, 79, 80, 82, 83, 91, 96, 102, 104, 112, 114, 119, 120, 132, 136, 137, 138, 141, 143, 144, 145, 147, 149, 153, 157, 158, 162, 166, 167, 169, 174, 176, 177, 178, 179, 186, 189, 192, 194, 196, 198]
x_149: [1, 8, 10, 12, 18, 22, 23, 28, 33, 38, 41, 42, 44, 45, 50, 52, 54, 59, 60, 72, 73, 74, 81, 85, 88, 93, 94, 105, 108, 118, 121, 122, 127, 129, 130, 141, 146, 147, 148, 152, 155, 160, 161, 163, 165, 168, 170, 172, 173, 176, 178, 182, 185, 188, 191, 198]
x_150: [1, 3, 4, 5, 7, 10, 13, 15, 17, 21, 23, 26, 27, 32, 38, 40, 42, 43, 44, 50, 58, 59, 60, 66, 73, 74, 77, 80, 84, 85, 86, 93, 94, 99, 105, 106, 108, 110, 121, 125, 126, 127, 130, 133, 134, 137, 139, 140, 146, 151, 156, 165, 168, 170, 173, 178, 181, 185, 188, 198, 199]
x_151: [8, 9, 14, 15, 16, 20, 21, 31, 39, 47, 49, 52, 53, 57, 58, 61, 63, 64, 68, 71, 78, 80, 82, 83, 90, 91, 95, 96, 101, 103, 104, 111, 112, 115, 119, 124, 125, 126, 127, 132, 138, 141, 143, 144, 147, 150, 153, 154, 157, 164, 166, 167, 172, 174, 177, 179, 182, 184, 186, 189, 192, 195, 196, 200]
x_152: [6, 11, 13, 20, 25, 28, 29, 34, 35, 36, 38, 39, 40, 48, 51, 52, 55, 56, 58, 63, 64, 70, 71, 76, 79, 80, 88, 90, 91, 95, 96, 100, 102, 103, 107, 110, 112, 113, 114, 115, 116, 117, 119, 124, 125, 129, 132, 137, 143, 145, 147, 149, 153, 156, 158, 162, 164, 166, 169, 174, 177, 182, 184, 185, 186, 187, 193, 194, 195, 200]
x_153: [8, 18, 22, 32, 33, 41, 42, 45, 50, 51, 66, 77, 81, 82, 88, 89, 91, 93, 94, 98, 105, 106, 108, 110, 111, 116, 121, 122, 123, 127, 128, 130, 131, 139, 140, 142, 148, 151, 152, 155, 156, 161, 163, 165, 168, 170, 171, 172, 174, 176, 181, 185, 190]
x_154: [1, 3, 5, 7, 8, 10, 15, 23, 24, 27, 33, 35, 40, 42, 44, 45, 59, 64, 66, 67, 69, 72, 73, 74, 76, 77, 79, 84, 85, 86, 88, 89, 93, 98, 108, 109, 110, 118, 126, 131, 133, 135, 140, 146, 151, 155, 163, 168, 170, 171, 172, 185, 190, 196]
x_155: [2, 9, 11, 16, 29, 31, 34, 39, 46, 52, 53, 57, 58, 61, 64, 71, 75, 76, 78, 82, 84, 92, 95, 101, 102, 103, 104, 107, 112, 114, 115, 116, 117, 120, 122, 125, 133, 136, 137, 138, 141, 144, 145, 149, 153, 154, 161, 164, 166, 169, 175, 177, 183, 184, 186, 188, 193, 195, 196, 197, 200]
x_156: [2, 13, 20, 21, 24, 25, 29, 30, 31, 34, 35, 36, 38, 39, 40, 46, 47, 49, 52, 53, 56, 57, 64, 68, 70, 71, 75, 78, 80, 82, 88, 91, 92, 101, 102, 104, 110, 114, 116, 117, 119, 125, 129, 132, 137, 138, 141, 144, 150, 152, 153, 158, 159, 164, 166, 169, 175, 182, 185, 187, 195]
x_157: [1, 3, 5, 8, 10, 11, 15, 17, 30, 32, 38, 40, 41, 43, 44, 45, 54, 59, 62, 66, 73, 74, 77, 86, 87, 88, 93, 94, 97, 99, 102, 108, 109, 110, 118, 120, 122, 128, 133, 134, 135, 140, 148, 151, 159, 168, 170, 173, 178, 187, 190, 191, 198]
x_158: [3, 4, 5, 8, 10, 15, 18, 22, 26, 27, 37, 38, 40, 41, 43, 44, 50, 57, 59, 62, 67, 73, 74, 77, 78, 88, 89, 93, 95, 97, 105, 106, 109, 123, 126, 127, 128, 133, 135, 142, 146, 148, 152, 156, 162, 165, 168, 171, 176, 178, 186, 188, 189, 190, 191, 198, 199]
x_159: [3, 4, 5, 7, 10, 11, 12, 15, 18, 19, 23, 26, 27, 30, 32, 40, 41, 42, 43, 60, 62, 65, 66, 67, 69, 74, 77, 81, 84, 85, 86, 88, 89, 93, 98, 99, 102, 109, 118, 120, 121, 123, 127, 128, 131, 135, 139, 142, 146, 156, 157, 170, 172, 173, 181, 187, 190, 191]
x_160: [1, 6, 9, 10, 11, 20, 24, 25, 28, 29, 30, 34, 35, 41, 52, 55, 56, 59, 61, 63, 64, 65, 68, 70, 71, 78, 79, 80, 82, 83, 90, 91, 100, 103, 104, 107, 113, 114, 115, 120, 129, 132, 137, 143, 144, 145, 147, 149, 164, 166, 167, 174, 177, 179, 181, 182, 183, 184, 186, 192, 193, 200]
x_161: [6, 11, 13, 21, 24, 25, 28, 29, 34, 35, 36, 46, 48, 51, 52, 53, 55, 61, 63, 64, 75, 76, 78, 79, 82, 83, 84, 90, 92, 95, 103, 107, 112, 114, 116, 122, 124, 129, 132, 133, 143, 144, 147, 149, 153, 155, 162, 164, 167, 174, 177, 180, 182, 183, 184, 188, 189, 193, 194, 195, 197, 200]
x_162: [5, 8, 10, 12, 17, 18, 23, 26, 37, 38, 40, 41, 45, 54, 57, 59, 62, 65, 67, 72, 74, 78, 81, 84, 85, 86, 87, 89, 93, 94, 95, 97, 98, 105, 106, 108, 122, 123, 126, 127, 130, 131, 135, 142, 148, 152, 158, 161, 163, 171, 172, 173, 176, 181, 186, 188, 189, 191, 198]
x_163: [6, 9, 13, 14, 20, 21, 28, 29, 34, 35, 45, 51, 52, 53, 54, 56, 58, 68, 70, 71, 75, 76, 77, 79, 80, 82, 90, 91, 95, 97, 100, 102, 103, 112, 113, 114, 115, 116, 117, 119, 125, 129, 132, 137, 147, 149, 153, 154, 162, 166, 167, 174, 177, 179, 182, 183, 184, 186, 187, 189, 193, 195, 199, 200]
x_164: [1, 3, 4, 5, 7, 15, 17, 18, 19, 20, 22, 23, 27, 33, 37, 38, 43, 44, 54, 60, 62, 65, 67, 73, 81, 87, 88, 89, 97, 98, 99, 121, 122, 123, 124, 128, 130, 133, 135, 138, 142, 151, 152, 155, 156, 160, 161, 167, 168, 171, 173, 176, 179, 181, 183, 185, 188]
x_165: [5, 11, 14, 16, 20, 21, 25, 29, 30, 31, 34, 36, 37, 39, 46, 48, 49, 51, 55, 57, 63, 72, 75, 78, 83, 85, 86, 95, 100, 103, 104, 111, 112, 113, 115, 116, 117, 119, 120, 124, 125, 129, 132, 136, 144, 147, 149, 150, 153, 158, 166, 167, 170, 179, 180, 182, 183, 184, 187, 193, 195, 196, 197, 200]
x_166: [1, 3, 4, 5, 7, 8, 12, 14, 22, 26, 32, 33, 36, 37, 38, 40, 41, 42, 43, 45, 49, 54, 59, 60, 63, 69, 72, 73, 74, 77, 84, 86, 87, 88, 94, 100, 106, 108, 110, 114, 121, 127, 128, 130, 133, 135, 146, 148, 151, 152, 155, 156, 160, 163, 165, 168, 170, 171, 172, 173, 176, 178, 181, 188, 190, 191, 199]
x_167: [5, 10, 12, 19, 20, 22, 32, 33, 40, 41, 43, 44, 59, 62, 65, 67, 69, 73, 77, 81, 85, 87, 88, 94, 97, 99, 105, 106, 108, 109, 110, 121, 122, 124, 128, 134, 138, 139, 140, 148, 151, 160, 161, 163, 164, 165, 168, 172, 176, 179, 183, 185, 188, 191, 198]
x_168: [2, 6, 13, 21, 24, 26, 28, 46, 47, 48, 53, 56, 58, 70, 78, 81, 83, 91, 92, 95, 96, 102, 113, 114, 116, 121, 124, 132, 136, 137, 144, 145, 147, 149, 150, 153, 154, 157, 158, 164, 166, 167, 169, 173, 175, 180, 183, 186, 187, 189, 190, 192, 197]
x_169: [1, 3, 7, 15, 22, 23, 26, 33, 38, 40, 41, 44, 54, 56, 60, 62, 69, 73, 75, 77, 81, 86, 93, 97, 98, 99, 106, 108, 112, 118, 122, 128, 131, 135, 136, 139, 140, 142, 144, 146, 148, 152, 155, 156, 168, 170, 172, 178, 185, 190, 195]
x_170: [2, 5, 11, 31, 35, 37, 39, 47, 51, 57, 58, 63, 64, 68, 72, 75, 78, 79, 82, 85, 86, 90, 91, 92, 96, 100, 101, 102, 103, 107, 111, 112, 113, 114, 115, 116, 117, 119, 120, 124, 125, 132, 136, 143, 144, 145, 149, 150, 153, 154, 157, 159, 165, 166, 169, 174, 175, 186, 187, 189, 195, 200]
x_171: [6, 11, 13, 17, 21, 25, 28, 29, 35, 48, 52, 53, 56, 61, 64, 67, 68, 70, 71, 78, 79, 80, 82, 83, 90, 92, 93, 95, 96, 99, 102, 104, 107, 112, 114, 115, 119, 120, 125, 129, 132, 143, 144, 145, 146, 153, 154, 158, 162, 164, 166, 174, 177, 183, 186, 187, 192, 193, 200]
x_172: [6, 8, 15, 20, 21, 24, 25, 28, 29, 35, 36, 51, 52, 53, 58, 63, 68, 71, 78, 80, 82, 83, 90, 92, 95, 96, 102, 103, 104, 107, 112, 113, 114, 115, 116, 117, 119, 120, 124, 126, 127, 129, 132, 137, 143, 144, 145, 149, 151, 153, 154, 159, 162, 166, 167, 169, 174, 179, 182, 183, 184, 187, 189, 193, 194, 195, 200]
x_173: [2, 6, 13, 14, 16, 20, 21, 26, 28, 29, 30, 31, 35, 47, 48, 49, 52, 61, 71, 78, 79, 81, 91, 100, 102, 107, 111, 112, 114, 116, 117, 121, 129, 136, 138, 141, 143, 144, 147, 149, 150, 157, 159, 162, 164, 166, 168, 174, 175, 177, 183, 184, 186, 187, 190, 194, 195, 196, 200]
x_174: [3, 4, 7, 8, 12, 15, 18, 22, 23, 32, 33, 37, 38, 40, 42, 50, 51, 60, 67, 72, 73, 77, 82, 84, 85, 89, 91, 98, 106, 109, 110, 111, 116, 118, 122, 123, 126, 128, 130, 133, 142, 148, 151, 152, 153, 160, 161, 163, 170, 171, 172, 173, 176, 181, 185, 190, 191, 198]
x_175: [1, 5, 9, 10, 15, 17, 22, 23, 25, 32, 33, 37, 38, 40, 41, 42, 43, 44, 45, 54, 59, 60, 62, 69, 73, 74, 77, 84, 85, 87, 88, 89, 92, 94, 96, 106, 107, 108, 110, 118, 121, 122, 128, 134, 135, 139, 140, 146, 155, 156, 168, 170, 173, 178, 185, 188, 191, 197, 198]
x_176: [6, 9, 11, 14, 20, 27, 28, 30, 34, 35, 48, 53, 55, 56, 58, 60, 61, 63, 64, 68, 70, 71, 74, 75, 76, 79, 80, 82, 83, 90, 95, 100, 102, 103, 104, 107, 112, 113, 116, 119, 124, 129, 132, 143, 144, 145, 147, 148, 149, 153, 158, 162, 164, 166, 167, 174, 178, 179, 180, 183, 186, 187, 189, 192, 193, 194, 195, 197, 198, 200]
x_177: [4, 5, 6, 7, 10, 15, 16, 17, 18, 33, 38, 40, 42, 43, 48, 55, 59, 62, 66, 69, 70, 72, 73, 74, 77, 81, 83, 85, 87, 88, 94, 97, 99, 105, 108, 109, 118, 121, 123, 126, 127, 128, 130, 131, 134, 135, 140, 148, 151, 152, 155, 160, 161, 163, 171, 173, 188, 190, 191]
x_178: [11, 13, 14, 16, 20, 21, 27, 31, 34, 36, 47, 48, 52, 53, 56, 57, 60, 64, 68, 71, 74, 75, 76, 78, 79, 80, 82, 83, 91, 96, 100, 101, 103, 104, 111, 113, 116, 120, 124, 136, 143, 145, 148, 149, 150, 157, 158, 166, 169, 175, 176, 179, 182, 186, 189, 192, 195, 196, 197, 198, 200]
x_179: [10, 12, 18, 20, 22, 23, 33, 38, 40, 41, 42, 43, 44, 50, 60, 66, 72, 84, 87, 93, 97, 106, 110, 124, 130, 133, 134, 135, 138, 142, 148, 151, 160, 163, 164, 165, 167, 172, 176, 178, 183, 185, 188, 198]
x_180: [1, 3, 4, 5, 7, 12, 17, 18, 19, 23, 26, 32, 33, 34, 40, 41, 42, 43, 45, 47, 50, 60, 61, 65, 67, 74, 81, 84, 87, 94, 97, 98, 106, 108, 109, 110, 119, 122, 126, 127, 130, 132, 140, 142, 145, 161, 165, 168, 176, 185, 191, 198, 199]
x_181: [1, 2, 6, 9, 10, 13, 14, 16, 20, 24, 34, 41, 47, 48, 49, 52, 53, 56, 57, 58, 59, 61, 63, 65, 75, 76, 80, 82, 83, 90, 95, 101, 107, 111, 114, 115, 117, 124, 129, 132, 137, 138, 141, 144, 147, 150, 153, 159, 160, 162, 164, 166, 174, 182, 183, 184, 186, 187, 189, 192, 194, 195, 196, 200]
x_182: [1, 3, 4, 10, 23, 26, 27, 28, 40, 52, 60, 62, 66, 72, 74, 84, 87, 88, 89, 94, 97, 99, 105, 106, 108, 109, 121, 122, 126, 128, 129, 130, 131, 133, 135, 140, 141, 142, 146, 147, 149, 151, 152, 156, 160, 161, 163, 165, 172, 178, 181, 198, 199]
x_183: [3, 4, 8, 10, 12, 15, 18, 20, 23, 32, 37, 38, 41, 44, 45, 60, 62, 66, 72, 85, 87, 88, 93, 97, 99, 105, 106, 108, 110, 122, 124, 126, 127, 128, 130, 133, 138, 140, 142, 155, 160, 161, 163, 164, 165, 167, 168, 171, 172, 173, 176, 179, 181, 185, 198, 199]
x_184: [1, 2, 4, 10, 15, 17, 18, 19, 22, 23, 26, 27, 29, 33, 37, 40, 41, 42, 43, 45, 50, 54, 59, 60, 65, 72, 73, 84, 85, 90, 93, 97, 103, 105, 108, 109, 110, 117, 118, 122, 123, 128, 130, 131, 134, 135, 139, 140, 142, 151, 152, 155, 160, 161, 163, 165, 172, 173, 181, 185, 188, 190, 191, 193, 199]
x_185: [2, 6, 9, 13, 14, 21, 25, 28, 29, 30, 31, 34, 38, 39, 40, 47, 48, 49, 52, 57, 58, 61, 63, 76, 78, 79, 80, 82, 88, 90, 91, 92, 95, 100, 101, 110, 111, 114, 115, 116, 117, 136, 138, 143, 145, 147, 149, 150, 152, 153, 154, 156, 164, 167, 169, 174, 175, 179, 180, 183, 184, 186, 189, 195, 196]
x_186: [3, 10, 12, 15, 17, 18, 19, 23, 26, 27, 33, 40, 41, 42, 44, 45, 57, 60, 62, 66, 69, 72, 77, 78, 81, 85, 86, 89, 93, 94, 95, 106, 108, 109, 110, 121, 122, 123, 126, 127, 128, 131, 134, 135, 139, 140, 142, 146, 148, 151, 152, 155, 158, 160, 162, 163, 168, 170, 171, 173, 176, 178, 181, 185, 189, 191, 198, 199]
x_187: [4, 7, 8, 10, 11, 15, 17, 18, 22, 23, 27, 30, 33, 37, 38, 40, 41, 42, 44, 45, 59, 60, 62, 65, 66, 67, 69, 73, 74, 77, 84, 85, 86, 87, 89, 97, 98, 99, 102, 106, 108, 110, 120, 128, 130, 134, 135, 139, 142, 146, 152, 156, 157, 159, 163, 165, 168, 170, 171, 172, 173, 176, 181, 188, 191, 198]
x_188: [2, 9, 11, 14, 16, 20, 25, 30, 35, 36, 39, 46, 47, 48, 49, 53, 57, 68, 70, 71, 75, 76, 79, 82, 84, 90, 95, 96, 100, 102, 103, 107, 113, 114, 115, 116, 117, 119, 122, 132, 133, 136, 138, 141, 144, 149, 150, 155, 158, 161, 162, 164, 166, 167, 175, 177, 179, 184, 187, 193, 194, 196, 200]
x_189: [1, 3, 5, 7, 12, 22, 23, 26, 27, 32, 33, 37, 41, 44, 45, 50, 54, 57, 60, 62, 65, 72, 73, 74, 77, 78, 81, 85, 89, 94, 95, 97, 99, 106, 110, 118, 121, 122, 126, 127, 131, 133, 134, 135, 139, 140, 142, 146, 148, 151, 158, 161, 162, 163, 168, 170, 172, 176, 178, 181, 185, 186, 190, 191, 199]
x_190: [2, 14, 20, 26, 29, 31, 34, 35, 39, 46, 48, 51, 52, 53, 55, 57, 61, 76, 78, 80, 81, 82, 90, 91, 92, 95, 96, 101, 104, 107, 112, 121, 125, 129, 132, 143, 145, 153, 154, 157, 158, 159, 166, 168, 169, 173, 174, 177, 184, 189, 192, 195, 196, 200]
x_191: [2, 6, 9, 11, 13, 14, 20, 21, 24, 25, 29, 31, 34, 35, 42, 46, 47, 48, 49, 53, 55, 57, 58, 63, 64, 71, 76, 80, 83, 91, 92, 98, 100, 103, 105, 107, 108, 109, 111, 116, 117, 120, 125, 129, 132, 135, 138, 141, 145, 149, 157, 158, 159, 162, 166, 167, 174, 175, 177, 180, 184, 186, 187, 189]
x_192: [1, 3, 5, 12, 15, 17, 27, 31, 37, 38, 40, 41, 44, 53, 54, 60, 65, 66, 67, 68, 71, 73, 74, 77, 81, 87, 88, 93, 94, 98, 99, 105, 108, 110, 113, 121, 123, 126, 127, 128, 131, 134, 135, 139, 146, 148, 151, 160, 168, 171, 176, 178, 181, 190, 194, 199]
x_193: [1, 2, 4, 5, 7, 10, 12, 18, 19, 22, 23, 26, 27, 29, 32, 37, 45, 50, 62, 67, 72, 74, 77, 85, 90, 94, 97, 98, 103, 105, 106, 110, 117, 118, 126, 128, 130, 133, 135, 139, 140, 142, 146, 152, 155, 160, 161, 163, 165, 171, 172, 176, 184, 188, 198]
x_194: [4, 7, 10, 12, 15, 17, 22, 26, 31, 41, 42, 45, 53, 54, 65, 67, 68, 71, 73, 77, 81, 84, 85, 87, 88, 93, 97, 98, 99, 106, 113, 118, 121, 123, 128, 131, 140, 142, 148, 152, 161, 172, 173, 176, 181, 188, 192, 199]
x_195: [1, 3, 4, 5, 7, 8, 10, 19, 23, 26, 32, 33, 37, 40, 45, 54, 56, 59, 62, 73, 74, 75, 77, 81, 84, 85, 88, 89, 93, 94, 97, 98, 106, 108, 112, 122, 126, 127, 131, 133, 136, 140, 142, 144, 151, 152, 155, 156, 161, 163, 165, 169, 170, 172, 173, 176, 178, 181, 185, 190, 198]
x_196: [1, 4, 8, 10, 17, 22, 23, 24, 26, 27, 33, 35, 38, 40, 42, 43, 45, 50, 59, 62, 64, 65, 66, 67, 76, 77, 79, 85, 87, 89, 93, 97, 99, 106, 110, 122, 126, 127, 128, 130, 133, 134, 140, 146, 148, 151, 154, 155, 165, 173, 178, 181, 185, 188, 190, 199]
x_197: [5, 8, 9, 10, 15, 18, 22, 23, 25, 26, 27, 32, 33, 40, 42, 43, 44, 45, 59, 60, 62, 65, 66, 67, 72, 73, 81, 85, 87, 88, 89, 92, 96, 98, 106, 107, 108, 110, 118, 121, 122, 123, 126, 127, 130, 131, 134, 135, 142, 155, 161, 165, 168, 175, 176, 178]
x_198: [2, 9, 11, 14, 16, 21, 24, 27, 31, 34, 36, 39, 46, 47, 48, 51, 52, 53, 57, 58, 60, 61, 71, 74, 75, 76, 83, 91, 95, 96, 100, 103, 107, 111, 112, 116, 119, 120, 124, 129, 136, 138, 141, 143, 147, 148, 149, 150, 157, 158, 162, 167, 174, 175, 176, 178, 179, 180, 182, 183, 186, 187, 193, 195, 200]
x_199: [9, 13, 14, 16, 20, 21, 25, 28, 29, 30, 35, 39, 45, 46, 47, 49, 53, 54, 55, 56, 57, 61, 64, 68, 70, 71, 77, 80, 82, 83, 91, 96, 97, 100, 101, 104, 107, 111, 113, 117, 119, 124, 125, 129, 138, 141, 147, 150, 158, 163, 166, 180, 182, 183, 184, 186, 189, 192, 194, 196, 200]
x_200: [1, 3, 15, 19, 27, 38, 39, 40, 42, 46, 50, 54, 59, 60, 65, 66, 67, 81, 86, 93, 98, 101, 104, 106, 115, 122, 123, 126, 127, 128, 134, 142, 143, 146, 151, 152, 155, 160, 161, 163, 165, 170, 171, 172, 173, 176, 178, 181, 188, 190, 198, 199]