200
1 1 1 1 1 1 1 1 1 1 1 1 1 1 1 1 1 1 1 1 1 1 1 1 1 1 1 1 1 1 1 1 1 1 1 1 1 1 1 1 1 1 1 1 1 1 1 1 1 1 1 1 1 1 1 1 1 1 1 1 1 1 1 1 1 1 1 1 1 1 1 1 1 1 1 1 1 1 1 1 1 1 1 1 1 1 1 1 1 1 1 1 1 1 1 1 1 1 1 1 1 1 1 1 1 1 1 1 1 1 1 1 1 1 1 1 1 1 1 1 1 1 1 1 1 1 1 1 1 1 1 1 1 1 1 1 1 1 1 1 1 1 1 1 1 1 1 1 1 1 1 1 1 1 1 1 1 1 1 1 1 1 1 1 1 1 1 1 1 1 1 1 1 1 1 1 1 1 1 1 1 1 1 1 1 1 1 1 1 1 1 1 1 1 1 1 1 1 1 1
x_1: [11, 19, 23, 24, 26, 29, 30, 41, 44, 49, 71, 87, 89, 104, 113, 122, 125, 139, 140, 143, 149, 161, 176, 188, 199]
x_2: [5, 13, 16, 19, 36, 45, 69, 71, 73, 87, 94, 102, 104, 112, 130, 138, 174, 197]
x_3: [18, 36, 38, 44, 49, 65, 76, 94, 100, 105, 106, 111, 136, 137, 138, 145, 165, 169, 183, 184, 200]
x_4: [7, 10, 26, 34, 37, 40, 58, 63, 65, 72, 106, 110, 123, 131, 139, 169, 172, 173, 189, 191]
x_5: [2, 12, 25, 34, 41, 50, 53, 57, 70, 93, 100, 102, 125, 142, 151, 167, 169, 170, 172, 181, 193]
x_6: [38, 57, 61, 65, 74, 78, 89, 95, 104, 105, 111, 117, 136, 144, 148, 169, 185, 195]
x_7: [4, 8, 16, 48, 57, 69, 75, 87, 90, 92, 133, 142, 153, 168, 170, 171, 172, 175, 185, 186, 197]
x_8: [7, 10, 13, 15, 24, 31, 36, 38, 46, 56, 59, 64, 71, 81, 85, 98, 99, 103, 106, 108, 128, 129, 135, 138, 139, 140, 149, 157, 161, 171, 176, 187, 193]
x_9: [13, 16, 31, 32, 53, 94, 102, 105, 110, 123, 133, 136, 162, 179, 180, 183, 192, 196, 198, 199]
x_10: [4, 8, 27, 32, 45, 50, 67, 68, 74, 109, 156, 184, 186, 194, 198]
x_11: [1, 12, 26, 39, 49, 60, 62, 70, 76, 79, 92, 100, 127, 137, 143, 145, 159]
x_12: [5, 11, 15, 18, 23, 24, 44, 64, 71, 85, 87, 92, 102, 103, 108, 126, 128, 130, 134, 148, 152, 155, 157, 158, 159, 180, 189, 196, 199]
x_13: [2, 8, 9, 19, 27, 33, 41, 88, 89, 109, 120, 128, 133, 151, 156, 159, 172, 200]
x_14: [19, 36, 38, 46, 59, 71, 72, 75, 84, 91, 98, 109, 110, 114, 118, 121, 124, 127, 130, 135, 141, 149, 163, 165, 196]
x_15: [8, 12, 38, 50, 54, 65, 67, 69, 97, 99, 111, 116, 145, 170, 187, 194]
x_16: [2, 7, 9, 25, 34, 35, 50, 57, 73, 78, 80, 87, 127, 154, 156, 170, 185]
x_17: [23, 24, 46, 50, 59, 62, 64, 70, 79, 93, 94, 104, 114, 138, 188, 189]
x_18: [3, 12, 68, 105, 115, 122, 125, 135, 149, 151, 167, 196]
x_19: [1, 2, 13, 14, 22, 27, 33, 45, 51, 52, 68, 89, 92, 95, 97, 116, 128, 147, 177]
x_20: [29, 33, 76, 79, 84, 98, 108, 110, 121, 123, 139, 141, 153, 157, 161, 168, 180, 181]
x_21: [48, 67, 72, 94, 98, 101, 104, 112, 113, 129, 141, 144, 154, 156, 157, 184, 193, 196]
x_22: [19, 24, 26, 29, 71, 74, 79, 91, 96, 105, 111, 115, 117, 121, 126, 129, 149, 177, 178]
x_23: [1, 12, 17, 27, 48, 50, 54, 60, 67, 77, 83, 88, 90, 91, 94, 107, 154, 183, 187, 194, 197, 198]
x_24: [1, 8, 12, 17, 22, 25, 50, 53, 56, 57, 63, 70, 77, 81, 88, 117, 136, 151, 153, 159, 186, 192]
x_25: [5, 16, 24, 26, 27, 113, 124, 132, 146, 149, 170, 180, 182]
x_26: [1, 4, 11, 22, 25, 35, 45, 49, 63, 67, 73, 76, 77, 79, 83, 88, 107, 122, 125, 137, 153, 178, 181, 182]
x_27: [10, 13, 19, 23, 25, 29, 46, 59, 121, 123, 130, 146, 152, 157, 165, 170, 182, 185, 191]
x_28: [31, 40, 47, 55, 65, 79, 91, 97, 105, 121, 129, 131, 139, 144, 147, 150, 151, 164, 173, 183, 184]
x_29: [1, 20, 22, 27, 50, 70, 78, 81, 88, 93, 96, 99, 107, 119, 134, 146, 161, 168, 175]
x_30: [1, 51, 97, 110, 118, 127, 142, 143, 154, 156, 158, 172, 189, 198, 200]
x_31: [8, 9, 28, 41, 64, 68, 78, 95, 100, 143, 174, 190, 192, 199]
x_32: [9, 10, 41, 50, 63, 74, 80, 83, 88, 96, 120, 145, 146, 153, 154, 164, 167, 184, 186]
x_33: [13, 19, 20, 44, 64, 66, 85, 102, 105, 121, 141, 148, 150, 153, 160, 168, 181, 185, 199]
x_34: [4, 5, 16, 56, 58, 63, 98, 103, 112, 124, 130, 150, 172, 173, 174, 179]
x_35: [16, 26, 39, 42, 54, 60, 71, 72, 89, 94, 102, 104, 108, 111, 114, 130, 139, 148, 152, 165, 169, 176, 191]
x_36: [2, 3, 8, 14, 39, 42, 58, 68, 78, 82, 85, 99, 131, 146, 147, 154, 159, 160, 163, 168, 182, 187, 190, 192]
x_37: [4, 53, 54, 59, 62, 75, 81, 82, 90, 99, 107, 125, 133, 140, 146, 163, 167, 179, 186, 190]
x_38: [3, 6, 8, 14, 15, 41, 48, 61, 62, 65, 67, 80, 111, 153, 158, 159, 198]
x_39: [11, 35, 36, 40, 42, 47, 54, 60, 64, 87, 102, 104, 106, 112, 118, 124, 131, 132, 136, 176, 179, 184, 195, 199]
x_40: [4, 28, 39, 41, 45, 69, 72, 82, 83, 99, 107, 112, 114, 115, 116, 123, 125, 154, 155, 168, 178, 182, 200]
x_41: [1, 5, 13, 31, 32, 38, 40, 46, 55, 56, 66, 74, 76, 84, 87, 103, 104, 108, 111, 122, 125, 130, 143, 144, 174]
x_42: [35, 36, 39, 54, 60, 71, 79, 91, 94, 117, 119, 129, 169, 173, 176, 179, 185, 199]
x_43: [44, 52, 56, 71, 86, 118, 120, 126, 128, 129, 148, 160, 162, 165, 166, 175, 189]
x_44: [1, 3, 12, 33, 43, 53, 54, 71, 81, 83, 95, 97, 109, 116, 122, 130, 146, 164, 167, 171, 172, 176, 182, 200]
x_45: [2, 10, 19, 26, 40, 56, 69, 73, 74, 89, 103, 108, 110, 123, 132, 152, 166, 197]
x_46: [8, 14, 17, 27, 41, 52, 73, 95, 96, 100, 113, 115, 122, 129, 146, 173, 186, 187]
x_47: [28, 39, 52, 62, 69, 104, 106, 125, 127, 133, 137, 163, 167, 171, 178, 181, 187, 191]
x_48: [7, 21, 23, 38, 55, 67, 110, 114, 119, 121, 132, 138, 140, 154, 156, 160, 173, 179, 193, 196]
x_49: [1, 3, 11, 26, 53, 57, 76, 79, 82, 115, 116, 122, 127, 155, 168, 175, 182]
x_50: [5, 10, 15, 16, 17, 23, 24, 29, 32, 59, 62, 70, 72, 93, 106, 112, 141, 179, 183]
x_51: [19, 30, 80, 89, 90, 102, 107, 108, 112, 117, 118, 139, 144, 160, 161, 179, 194]
x_52: [19, 43, 46, 47, 55, 71, 74, 85, 86, 89, 94, 98, 101, 102, 120, 126, 135, 149, 175, 176, 188]
x_53: [5, 9, 24, 37, 44, 49, 66, 72, 87, 94, 98, 108, 110, 121, 133, 179, 183, 192, 198]
x_54: [15, 23, 35, 37, 39, 42, 44, 60, 74, 85, 105, 121, 123, 126, 136, 141, 149, 179, 183, 188, 199]
x_55: [28, 41, 48, 52, 101, 120, 121, 137, 144, 146, 166, 168, 192]
x_56: [8, 24, 34, 41, 43, 45, 60, 63, 77, 80, 81, 116, 117, 133, 136, 146, 151, 158, 159, 177, 197]
x_57: [5, 6, 7, 16, 24, 49, 61, 78, 95, 102, 112, 129, 144, 157, 169, 176, 199]
x_58: [4, 34, 36, 63, 64, 65, 103, 111, 118, 121, 128, 131, 132, 134, 138, 140, 172, 191, 193]
x_59: [8, 14, 17, 27, 37, 50, 60, 63, 93, 95, 127, 137, 140, 142, 143, 156, 172, 179, 181, 182, 186]
x_60: [11, 23, 35, 39, 42, 54, 56, 59, 66, 84, 85, 108, 110, 118, 123, 129, 162, 169, 174, 179, 183, 184, 185, 193]
x_61: [6, 38, 57, 64, 78, 95, 117, 118, 123, 124, 131, 135, 136, 139, 140, 149, 150, 173, 174, 188, 196]
x_62: [11, 17, 37, 38, 47, 50, 65, 70, 84, 89, 93, 102, 121, 123, 126, 132, 138, 139, 148, 150, 157, 166, 173, 195]
x_63: [4, 24, 26, 32, 34, 56, 58, 59, 71, 89, 91, 98, 102, 104, 105, 112, 135, 169, 172, 188, 189, 195]
x_64: [8, 12, 17, 31, 33, 39, 58, 61, 78, 95, 107, 120, 146, 151, 163, 167, 174, 190, 192, 199]
x_65: [3, 4, 6, 15, 28, 38, 58, 62, 73, 78, 90, 92, 109, 111, 145, 154, 156, 158, 200]
x_66: [33, 41, 53, 60, 69, 84, 100, 126, 164, 165, 181, 192, 200]
x_67: [10, 15, 21, 23, 26, 38, 48, 71, 72, 76, 79, 104, 106, 110, 121, 129, 134, 135, 136, 138, 139, 149, 154, 156, 161, 174]
x_68: [10, 18, 19, 31, 36, 77, 82, 98, 108, 114, 123, 167, 169, 190]
x_69: [2, 7, 15, 40, 45, 47, 66, 73, 85, 87, 102, 111, 113, 130, 131, 136, 144, 148, 157, 174, 195, 197]
x_70: [5, 11, 17, 24, 29, 50, 62, 74, 87, 89, 93, 101, 121, 148, 150, 162, 189, 193, 195]
x_71: [1, 2, 8, 12, 14, 22, 35, 42, 43, 44, 52, 63, 67, 77, 115, 116, 120, 130, 133, 146, 151, 158, 170, 176, 178, 197]
x_72: [4, 14, 21, 35, 40, 50, 53, 67, 81, 82, 86, 100, 112, 114, 115, 122, 123, 146, 153, 156, 164, 171, 172, 192, 197]
x_73: [2, 16, 26, 45, 46, 65, 69, 79, 98, 105, 106, 111, 112, 113, 117, 124, 138, 188, 189, 197]
x_74: [6, 10, 22, 32, 41, 45, 52, 54, 70, 92, 99, 125, 137, 151, 181, 184, 187]
x_75: [7, 14, 37, 79, 91, 108, 109, 110, 112, 127, 134, 139, 141, 163, 179, 184, 185, 199]
x_76: [3, 11, 20, 26, 41, 49, 67, 79, 93, 153, 168, 178, 181]
x_77: [23, 24, 26, 56, 68, 71, 82, 87, 89, 105, 113, 132, 150, 166, 167, 169, 174, 190, 195]
x_78: [6, 16, 29, 31, 36, 57, 61, 64, 65, 95, 106, 123, 129, 140, 144, 191]
x_79: [11, 17, 20, 22, 26, 28, 42, 49, 67, 73, 75, 76, 81, 83, 97, 116, 142, 187, 198]
x_80: [16, 32, 38, 51, 56, 90, 98, 104, 107, 112, 128, 130, 134, 141, 157, 160, 169, 179, 193, 194]
x_81: [8, 24, 29, 37, 44, 56, 72, 79, 84, 85, 89, 98, 99, 106, 152, 162, 166, 171, 173, 174, 176, 179, 187, 189, 191]
x_82: [36, 37, 40, 49, 68, 72, 77, 89, 102, 118, 119, 128, 131, 132, 135, 148, 152, 160, 162, 167, 176, 183, 190, 196]
x_83: [23, 26, 32, 40, 44, 79, 88, 103, 106, 116, 119, 123, 131, 139, 142, 180, 183, 186, 188, 195, 199]
x_84: [14, 20, 41, 60, 62, 66, 81, 100, 107, 116, 120, 122, 126, 127, 143, 146, 151, 165, 190]
x_85: [8, 12, 33, 36, 52, 54, 60, 69, 81, 86, 99, 122, 131, 146, 160, 164, 170, 178, 182]
x_86: [43, 52, 72, 85, 102, 108, 110, 119, 120, 126, 129, 132, 134, 148, 152, 174, 175, 199]
x_87: [1, 2, 7, 12, 16, 39, 41, 53, 69, 70, 77, 90, 92, 97, 99, 153, 154, 156, 158, 168, 170, 185, 186]
x_88: [13, 23, 24, 26, 29, 32, 83, 94, 111, 112, 116, 118, 124, 142, 149, 186, 189, 195, 196]
x_89: [1, 6, 13, 19, 35, 45, 51, 52, 62, 63, 70, 77, 81, 82, 109, 127, 128, 146, 151, 155, 156, 170, 178]
x_90: [7, 23, 37, 51, 65, 80, 87, 101, 107, 124, 138, 160, 162, 173, 174, 176, 189, 194, 196]
x_91: [14, 22, 23, 28, 42, 63, 75, 94, 99, 115, 120, 143, 151, 159, 181, 183, 198]
x_92: [7, 11, 12, 19, 65, 74, 87, 101, 108, 113, 124, 130, 139, 140, 148, 149, 150, 155, 158, 159, 169, 174, 183, 193]
x_93: [5, 17, 29, 50, 59, 62, 70, 76, 102, 103, 124, 157, 161, 166, 188]
x_94: [2, 3, 9, 17, 21, 23, 35, 42, 52, 53, 88, 91, 96, 125, 133, 155, 175, 183, 194]
x_95: [6, 19, 31, 44, 46, 57, 59, 61, 64, 78, 98, 101, 102, 112, 118, 119, 132, 134, 165, 189]
x_96: [22, 29, 32, 46, 94, 105, 115, 119, 140, 177, 178, 188]
x_97: [15, 19, 28, 30, 44, 79, 87, 106, 117, 121, 132, 147, 149, 151, 160, 164, 174, 189, 193]
x_98: [8, 14, 20, 21, 34, 52, 53, 63, 68, 73, 80, 81, 95, 107, 132, 138, 150, 170, 182, 192, 194, 200]
x_99: [8, 15, 29, 36, 37, 40, 74, 81, 85, 87, 91, 108, 110, 113, 117, 119, 129, 130, 134, 139, 150, 162, 166, 171, 185, 187, 199]
x_100: [3, 5, 11, 31, 46, 66, 72, 84, 104, 106, 118, 121, 130, 135, 137, 139, 145, 157, 169, 185, 200]
x_101: [21, 52, 55, 70, 90, 92, 95, 121, 125, 127, 144, 145, 151, 156, 163, 166, 168]
x_102: [2, 5, 9, 12, 33, 35, 39, 51, 52, 57, 62, 63, 69, 82, 86, 93, 95, 145, 156, 169, 170, 182, 193, 200]
x_103: [8, 12, 34, 41, 45, 58, 83, 93, 115, 120, 147, 162, 164, 178, 180, 181, 187, 188]
x_104: [1, 2, 6, 17, 21, 35, 39, 41, 47, 63, 67, 80, 100, 106, 133, 191, 192, 198]
x_105: [3, 6, 9, 18, 22, 28, 33, 54, 63, 73, 77, 96, 107, 109, 135, 149, 154, 156, 181, 182, 196]
x_106: [3, 4, 8, 39, 47, 50, 67, 73, 78, 81, 83, 97, 100, 104, 109, 115, 127, 133, 178, 191, 192, 194]
x_107: [23, 26, 29, 37, 40, 51, 64, 80, 84, 90, 98, 105, 149, 150, 176, 180, 194]
x_108: [8, 12, 20, 35, 41, 45, 51, 53, 60, 68, 75, 86, 92, 99, 115, 141, 142, 143, 148, 152, 155, 164, 177, 200]
x_109: [10, 13, 14, 44, 65, 75, 89, 105, 106, 113, 117, 127, 130, 134, 138, 140, 157, 163, 165, 196]
x_110: [4, 9, 14, 20, 30, 45, 48, 53, 60, 67, 75, 86, 99, 118, 137, 147, 154, 156, 168, 178, 187, 189, 192]
x_111: [3, 6, 15, 22, 35, 38, 41, 58, 65, 69, 73, 88, 154, 158, 164, 167, 172]
x_112: [2, 21, 34, 39, 40, 50, 51, 57, 63, 72, 73, 75, 80, 88, 95, 114, 123, 125, 133, 142, 147, 158, 159, 187]
x_113: [1, 21, 25, 46, 69, 73, 77, 92, 99, 109, 122, 127, 129, 133, 145, 163, 170, 171, 173, 178, 182, 186, 187]
x_114: [14, 17, 35, 40, 48, 68, 72, 112, 123, 137, 146, 147, 159, 163, 200]
x_115: [18, 22, 40, 46, 49, 71, 72, 91, 96, 103, 106, 108, 117, 118, 129, 138, 148, 149, 161, 165, 177, 178, 185, 189, 199]
x_116: [15, 19, 40, 44, 49, 56, 71, 79, 83, 84, 88, 129, 134, 138, 142, 157, 161, 180, 183, 185, 186, 189]
x_117: [6, 22, 24, 42, 51, 56, 61, 73, 97, 99, 109, 115, 136, 154, 182, 194]
x_118: [14, 30, 39, 43, 51, 58, 60, 61, 82, 88, 95, 100, 110, 115, 137, 156, 167, 175, 189, 192, 200]
x_119: [29, 42, 48, 82, 83, 86, 95, 96, 99, 122, 127, 134, 161, 164, 172, 182]
x_120: [13, 32, 43, 52, 55, 64, 71, 84, 86, 91, 103, 123, 134, 138, 165, 175, 176, 183, 193]
x_121: [14, 20, 22, 27, 28, 33, 48, 53, 54, 55, 58, 62, 67, 70, 97, 100, 101, 125, 144, 154, 166, 167, 171, 190, 192]
x_122: [1, 18, 26, 41, 44, 46, 49, 72, 84, 85, 113, 119, 125, 129, 130, 141, 143, 152, 169, 188, 196]
x_123: [4, 9, 20, 27, 40, 45, 54, 60, 61, 62, 68, 72, 78, 83, 112, 114, 120, 125, 142, 145, 163, 171, 172, 177, 187, 192, 197, 198]
x_124: [14, 25, 34, 39, 61, 73, 88, 90, 92, 93, 125, 139, 146, 151, 153, 154, 157, 159, 178, 192, 195]
x_125: [1, 5, 18, 26, 37, 40, 41, 47, 74, 94, 101, 112, 121, 122, 123, 124, 126, 128, 129, 143, 152, 157, 166, 185, 188]
x_126: [12, 22, 43, 52, 54, 62, 66, 84, 86, 125, 127, 165, 168, 175, 190]
x_127: [11, 14, 16, 30, 47, 49, 59, 75, 84, 89, 101, 106, 109, 113, 119, 126, 130, 163, 166, 180, 183, 193, 199]
x_128: [8, 12, 13, 19, 43, 58, 80, 82, 89, 125, 142, 159, 164, 171, 190, 200]
x_129: [8, 21, 22, 28, 42, 43, 46, 57, 60, 67, 78, 86, 99, 113, 115, 116, 122, 125, 133, 146, 153, 173, 175, 178, 181]
x_130: [2, 12, 14, 27, 34, 35, 41, 44, 69, 71, 80, 92, 99, 100, 109, 122, 127, 176]
x_131: [4, 28, 36, 39, 58, 61, 69, 82, 83, 85, 137, 153, 154, 156, 160, 163, 168, 172, 175, 186]
x_132: [25, 39, 45, 48, 58, 62, 77, 82, 86, 95, 97, 98, 138, 146, 150, 151, 154, 155, 170, 171, 172, 178, 200]
x_133: [7, 9, 13, 37, 47, 53, 56, 71, 94, 104, 106, 112, 113, 129, 139, 141, 144, 166, 183, 188, 192, 198]
x_134: [12, 29, 58, 67, 75, 80, 86, 95, 99, 109, 116, 119, 120, 156, 158, 161, 170, 175, 177, 181, 182]
x_135: [8, 14, 18, 52, 61, 63, 67, 82, 100, 105, 143, 149, 181, 192, 196, 197]
x_136: [3, 6, 9, 24, 39, 54, 56, 61, 67, 69, 117, 154, 159, 164, 170, 192]
x_137: [3, 11, 26, 47, 55, 59, 74, 100, 110, 114, 118, 131, 139, 140, 145, 166, 195, 196, 200]
x_138: [2, 3, 8, 17, 48, 58, 62, 67, 73, 90, 98, 109, 115, 116, 120, 132, 150, 154, 155, 158, 164, 170]
x_139: [1, 4, 8, 20, 28, 35, 51, 61, 62, 67, 75, 83, 92, 99, 100, 124, 133, 137, 155, 157, 170, 195]
x_140: [1, 8, 37, 48, 58, 59, 61, 78, 92, 96, 109, 137, 143, 158, 171, 179, 197, 200]
x_141: [14, 20, 21, 33, 50, 54, 75, 80, 108, 122, 133, 148, 151, 152, 181]
x_142: [5, 7, 30, 59, 79, 83, 88, 108, 112, 116, 123, 128, 150, 176, 180, 186]
x_143: [1, 11, 30, 31, 41, 59, 84, 91, 108, 122, 125, 135, 140, 150, 152, 161, 169, 180, 196]
x_144: [6, 21, 28, 41, 51, 55, 57, 69, 78, 101, 121, 133, 146, 147, 166, 172, 177]
x_145: [3, 11, 15, 32, 65, 100, 101, 102, 113, 123, 137, 148, 149, 157, 169, 179, 188, 189, 200]
x_146: [25, 27, 29, 32, 36, 37, 44, 46, 55, 56, 64, 71, 72, 84, 85, 89, 114, 124, 129, 132, 144, 149, 170, 180, 182, 183]
x_147: [19, 28, 36, 97, 103, 110, 112, 114, 144, 149, 150, 151, 157, 160, 164, 166, 176, 180, 183]
x_148: [6, 12, 33, 35, 43, 62, 69, 70, 82, 86, 92, 108, 115, 141, 145, 152, 171, 181, 182, 192]
x_149: [1, 8, 14, 18, 22, 25, 52, 54, 61, 67, 88, 92, 97, 105, 107, 115, 135, 145, 146, 147, 155, 158, 171, 196]
x_150: [28, 33, 34, 61, 62, 70, 77, 92, 98, 99, 107, 132, 138, 142, 143, 147, 154, 163, 190]
x_151: [5, 13, 18, 24, 28, 56, 64, 71, 74, 84, 89, 91, 97, 101, 124, 132, 141, 147, 164, 166, 174, 191]
x_152: [12, 27, 35, 45, 81, 82, 86, 108, 122, 125, 141, 143, 148, 158, 159, 175, 177, 182, 186, 197]
x_153: [7, 20, 24, 26, 32, 33, 38, 72, 76, 87, 124, 129, 131, 165, 168, 174, 181, 183]
x_154: [16, 21, 23, 30, 32, 36, 40, 48, 65, 67, 87, 105, 110, 111, 117, 121, 124, 131, 132, 136, 138, 150, 156, 162, 183, 195]
x_155: [12, 40, 49, 89, 92, 94, 108, 132, 138, 139, 149, 157, 158, 159, 183, 195]
x_156: [10, 13, 16, 21, 30, 48, 59, 65, 67, 72, 87, 89, 101, 102, 105, 110, 118, 131, 134, 154, 173, 180, 188, 196]
x_157: [8, 12, 20, 21, 27, 57, 62, 69, 80, 93, 100, 109, 116, 124, 125, 139, 145, 147, 155, 177, 195]
x_158: [12, 30, 38, 56, 65, 71, 87, 92, 111, 112, 134, 138, 140, 149, 152, 155, 159, 161]
x_159: [11, 12, 13, 24, 36, 38, 56, 91, 92, 112, 114, 124, 128, 136, 152, 155, 158, 185, 193]
x_160: [33, 36, 43, 48, 51, 80, 82, 85, 90, 97, 131, 147, 186]
x_161: [1, 8, 20, 29, 51, 67, 93, 115, 116, 119, 134, 143, 158, 168, 170, 172, 192, 194]
x_162: [9, 43, 60, 70, 81, 82, 90, 99, 103, 154, 168, 172, 180, 181, 182, 186, 188, 198]
x_163: [14, 36, 37, 47, 64, 75, 101, 109, 113, 114, 123, 127, 131, 150, 173, 183, 184, 185, 195, 199]
x_164: [28, 32, 44, 66, 72, 85, 97, 103, 108, 111, 119, 128, 136, 138, 147, 151, 184]
x_165: [3, 14, 27, 35, 43, 66, 84, 95, 109, 115, 120, 126, 153, 168, 171, 172, 187, 198, 200]
x_166: [43, 45, 55, 62, 77, 81, 93, 99, 101, 121, 125, 127, 133, 137, 144, 147, 151, 177, 182, 190, 192]
x_167: [5, 18, 32, 37, 44, 47, 64, 68, 77, 82, 111, 118, 121, 179, 184, 190, 195, 199]
x_168: [7, 20, 29, 33, 36, 40, 49, 55, 76, 87, 101, 110, 126, 131, 153, 161, 162, 165, 176, 181, 183, 184, 188, 195]
x_169: [3, 4, 5, 6, 35, 42, 57, 60, 63, 68, 77, 80, 92, 100, 102, 122, 143, 145, 171, 175, 186, 190, 193]
x_170: [5, 7, 15, 16, 25, 27, 71, 85, 87, 89, 98, 102, 113, 132, 134, 136, 138, 139, 146, 161, 173, 182, 191, 196, 199]
x_171: [7, 8, 44, 47, 72, 81, 99, 113, 121, 123, 128, 132, 140, 148, 149, 165, 169, 180, 187, 189, 195, 199]
x_172: [4, 5, 7, 13, 30, 34, 44, 58, 59, 63, 72, 111, 119, 123, 131, 132, 144, 161, 162, 165, 193]
x_173: [4, 28, 34, 42, 46, 48, 61, 62, 81, 90, 113, 129, 156, 163, 170]
x_174: [2, 31, 34, 41, 60, 61, 64, 67, 69, 77, 81, 86, 90, 92, 97, 151, 153, 194, 198, 199]
x_175: [7, 29, 43, 49, 52, 86, 94, 118, 120, 126, 129, 131, 134, 152, 169, 191, 195, 199]
x_176: [1, 8, 35, 39, 42, 44, 52, 57, 71, 81, 82, 90, 107, 120, 130, 142, 147, 168, 181, 190, 198]
x_177: [19, 22, 56, 96, 108, 115, 123, 134, 144, 152, 157, 166, 178, 183]
x_178: [22, 26, 40, 47, 71, 76, 85, 89, 96, 103, 106, 110, 113, 115, 124, 129, 132, 177, 191]
x_179: [9, 34, 37, 39, 42, 48, 50, 51, 53, 54, 59, 60, 75, 80, 81, 140, 145, 167, 182, 197]
x_180: [9, 12, 20, 25, 83, 103, 107, 116, 127, 142, 143, 146, 147, 156, 162, 171, 188, 197]
x_181: [5, 20, 26, 33, 47, 59, 66, 74, 76, 91, 103, 105, 129, 134, 135, 141, 148, 153, 162, 168, 176, 183]
x_182: [25, 26, 27, 36, 40, 44, 49, 59, 85, 98, 102, 105, 113, 117, 119, 134, 146, 148, 152, 162, 166, 170, 179, 183, 189]
x_183: [3, 9, 23, 28, 50, 53, 54, 60, 82, 83, 91, 92, 94, 116, 120, 127, 133, 146, 147, 153, 154, 155, 163, 168, 177, 181, 182, 198]
x_184: [3, 10, 21, 28, 32, 39, 60, 74, 75, 163, 164, 167, 168, 187, 192]
x_185: [6, 7, 16, 27, 33, 42, 60, 75, 87, 99, 100, 115, 116, 125, 159, 163, 187, 198]
x_186: [7, 10, 24, 32, 37, 46, 59, 83, 87, 88, 113, 116, 131, 142, 152, 160, 162, 169, 199]
x_187: [8, 15, 23, 36, 46, 47, 74, 79, 81, 99, 103, 110, 112, 113, 123, 165, 171, 184, 185, 191, 193]
x_188: [1, 17, 52, 54, 61, 63, 73, 83, 93, 96, 103, 122, 125, 133, 145, 156, 162, 168, 180, 190, 192, 194]
x_189: [4, 12, 17, 30, 43, 63, 70, 73, 81, 88, 90, 95, 97, 110, 115, 116, 118, 145, 171, 182, 194]
x_190: [31, 36, 37, 64, 68, 77, 82, 84, 121, 126, 128, 150, 166, 167, 169, 176, 188]
x_191: [4, 27, 35, 47, 58, 78, 81, 104, 106, 151, 170, 175, 178, 187, 197]
x_192: [9, 24, 31, 36, 53, 55, 64, 66, 72, 98, 104, 106, 110, 118, 121, 123, 124, 133, 135, 136, 148, 161, 166, 184, 188, 193, 196, 198, 199]
x_193: [5, 8, 21, 48, 58, 60, 70, 80, 92, 97, 102, 120, 127, 159, 169, 172, 187, 192]
x_194: [10, 15, 23, 51, 80, 90, 94, 98, 106, 107, 117, 161, 174, 188, 189]
x_195: [6, 39, 62, 63, 69, 70, 77, 83, 88, 124, 137, 139, 154, 155, 157, 163, 167, 168, 171, 175]
x_196: [9, 12, 14, 18, 21, 48, 61, 82, 88, 90, 105, 109, 122, 135, 137, 143, 149, 156, 170, 192]
x_197: [2, 7, 23, 45, 56, 69, 71, 72, 73, 123, 135, 140, 152, 179, 180, 191]
x_198: [9, 10, 23, 30, 38, 53, 79, 91, 104, 123, 133, 162, 165, 174, 176, 183, 185, 192]
x_199: [1, 9, 12, 31, 33, 39, 42, 54, 57, 64, 75, 83, 86, 99, 115, 127, 163, 167, 170, 171, 174, 175, 186, 192, 200]
x_200: [3, 13, 30, 40, 44, 65, 66, 98, 100, 102, 108, 114, 118, 128, 132, 137, 140, 145, 165, 199]