200
1 1 1 1 1 1 1 1 1 1 1 1 1 1 1 1 1 1 1 1 1 1 1 1 1 1 1 1 1 1 1 1 1 1 1 1 1 1 1 1 1 1 1 1 1 1 1 1 1 1 1 1 1 1 1 1 1 1 1 1 1 1 1 1 1 1 1 1 1 1 1 1 1 1 1 1 1 1 1 1 1 1 1 1 1 1 1 1 1 1 1 1 1 1 1 1 1 1 1 1 1 1 1 1 1 1 1 1 1 1 1 1 1 1 1 1 1 1 1 1 1 1 1 1 1 1 1 1 1 1 1 1 1 1 1 1 1 1 1 1 1 1 1 1 1 1 1 1 1 1 1 1 1 1 1 1 1 1 1 1 1 1 1 1 1 1 1 1 1 1 1 1 1 1 1 1 1 1 1 1 1 1 1 1 1 1 1 1 1 1 1 1 1 1 1 1 1 1 1 1
x_1: [5, 7, 9, 22, 26, 31, 33, 35, 37, 38, 41, 50, 53, 62, 65, 78, 82, 86, 87, 90, 91, 95, 98, 101, 102, 106, 107, 113, 117, 119, 125, 126, 127, 136, 137, 142, 143, 144, 145, 152, 153, 158, 159, 166, 167, 168, 174, 176, 178, 180, 182, 183, 184, 190, 192, 193, 195, 199]
x_2: [16, 17, 19, 26, 33, 34, 43, 50, 56, 62, 74, 78, 86, 90, 94, 95, 102, 105, 108, 111, 113, 118, 126, 129, 142, 144, 158, 166, 168, 173, 175, 179, 192, 199, 200]
x_3: [7, 15, 22, 25, 26, 33, 37, 41, 45, 48, 49, 57, 60, 62, 65, 67, 69, 74, 91, 98, 101, 102, 103, 105, 106, 107, 113, 117, 120, 136, 137, 141, 142, 143, 145, 148, 152, 166, 179, 182, 190, 194, 199]
x_4: [12, 16, 19, 21, 22, 25, 28, 29, 33, 41, 44, 45, 50, 53, 62, 64, 69, 74, 78, 81, 85, 86, 91, 93, 95, 98, 100, 105, 112, 113, 116, 126, 127, 136, 142, 143, 144, 145, 158, 163, 167, 168, 170, 172, 173, 175, 177, 182, 183, 186, 190, 195]
x_5: [1, 8, 9, 10, 11, 15, 18, 20, 21, 24, 28, 29, 30, 33, 36, 42, 43, 47, 48, 49, 51, 56, 57, 62, 63, 65, 66, 67, 68, 69, 70, 71, 73, 75, 77, 79, 85, 87, 88, 89, 92, 94, 96, 97, 99, 100, 104, 108, 109, 112, 115, 119, 121, 123, 124, 127, 129, 130, 131, 132, 134, 138, 147, 149, 151, 153, 155, 157, 159, 161, 162, 164, 166, 170, 171, 179, 183, 184, 186, 187, 189, 191, 200]
x_6: [7, 10, 14, 19, 25, 27, 28, 33, 38, 39, 41, 42, 45, 53, 59, 62, 65, 69, 78, 83, 86, 90, 91, 93, 98, 99, 101, 102, 106, 107, 113, 115, 126, 136, 142, 143, 144, 145, 149, 158, 166, 167, 169, 173, 182, 183, 186, 190, 195, 196]
x_7: [1, 3, 6, 9, 10, 11, 13, 15, 17, 18, 20, 21, 24, 27, 29, 30, 31, 32, 34, 38, 41, 43, 47, 51, 54, 58, 60, 61, 66, 67, 68, 70, 71, 75, 77, 78, 79, 81, 85, 88, 92, 95, 96, 97, 104, 108, 109, 110, 111, 116, 118, 119, 120, 121, 124, 129, 130, 133, 134, 135, 139, 140, 141, 144, 146, 147, 148, 149, 150, 156, 157, 159, 160, 161, 162, 163, 164, 168, 169, 170, 172, 173, 176, 180, 181, 185, 187, 191, 192, 194, 197]
x_8: [5, 11, 16, 19, 25, 26, 28, 37, 38, 41, 44, 45, 50, 52, 62, 65, 68, 78, 82, 86, 89, 91, 95, 97, 101, 113, 117, 121, 125, 128, 136, 137, 138, 140, 144, 145, 152, 166, 173, 176, 177, 179, 182, 183, 190, 192, 195, 198, 199]
x_9: [1, 5, 7, 14, 22, 26, 31, 35, 37, 38, 44, 45, 50, 53, 59, 64, 65, 69, 74, 82, 86, 87, 93, 98, 101, 102, 105, 107, 113, 117, 119, 126, 127, 136, 137, 142, 143, 144, 145, 152, 153, 159, 166, 173, 174, 176, 178, 179, 180, 182, 183, 184, 186, 190, 193]
x_10: [5, 6, 7, 14, 16, 25, 26, 27, 28, 33, 38, 39, 41, 42, 53, 62, 64, 69, 78, 83, 86, 91, 98, 99, 101, 102, 105, 113, 115, 137, 143, 144, 148, 149, 152, 158, 166, 167, 168, 169, 173, 178, 179, 183, 192, 196]
x_11: [5, 7, 8, 16, 19, 26, 33, 41, 45, 52, 68, 82, 86, 89, 90, 91, 93, 95, 97, 101, 102, 105, 106, 107, 113, 117, 121, 125, 126, 127, 128, 136, 138, 140, 142, 143, 145, 148, 167, 168, 176, 182, 190, 198, 199]
x_12: [4, 14, 21, 22, 25, 26, 28, 29, 33, 37, 45, 50, 62, 64, 69, 74, 78, 81, 85, 86, 90, 91, 100, 101, 102, 105, 106, 112, 113, 116, 125, 142, 143, 144, 152, 163, 168, 170, 172, 173, 177, 179, 182, 183, 186, 190, 199]
x_13: [7, 16, 28, 33, 38, 41, 45, 50, 61, 62, 65, 66, 72, 74, 78, 79, 84, 86, 90, 91, 92, 95, 98, 101, 102, 105, 113, 125, 126, 127, 131, 136, 137, 142, 145, 152, 156, 161, 167, 178, 186, 189]
x_14: [6, 9, 10, 12, 15, 18, 20, 23, 24, 29, 31, 32, 35, 46, 49, 52, 54, 55, 57, 59, 66, 71, 76, 79, 80, 84, 87, 89, 90, 91, 92, 94, 96, 97, 98, 101, 104, 110, 111, 112, 113, 115, 116, 118, 120, 122, 123, 124, 128, 130, 131, 132, 133, 134, 135, 137, 139, 140, 146, 150, 152, 155, 157, 159, 160, 161, 162, 163, 165, 167, 169, 174, 180, 185, 193, 198, 199]
x_15: [3, 5, 7, 14, 19, 22, 28, 41, 44, 48, 49, 50, 53, 57, 60, 62, 64, 65, 67, 74, 86, 90, 91, 93, 98, 101, 102, 103, 105, 106, 107, 120, 125, 126, 127, 137, 141, 142, 152, 158, 173, 175, 176, 182, 190, 194, 195]
x_16: [2, 4, 8, 10, 11, 13, 22, 23, 24, 30, 32, 34, 35, 36, 37, 39, 40, 42, 43, 46, 47, 48, 51, 55, 57, 58, 60, 61, 63, 64, 66, 68, 72, 75, 76, 77, 82, 83, 85, 87, 88, 89, 92, 96, 97, 100, 103, 104, 106, 109, 112, 114, 115, 118, 119, 121, 122, 124, 129, 130, 133, 134, 135, 145, 146, 149, 150, 151, 154, 157, 158, 159, 160, 163, 165, 169, 170, 171, 172, 174, 177, 180, 182, 184, 188, 189, 190, 191, 196, 197]
x_17: [2, 7, 22, 28, 34, 37, 38, 41, 43, 44, 45, 50, 53, 56, 59, 62, 65, 69, 82, 86, 91, 94, 98, 101, 108, 111, 117, 118, 125, 129, 144, 145, 152, 158, 166, 168, 173, 175, 178, 179, 183, 186, 192, 195, 199, 200]
x_18: [5, 7, 14, 19, 22, 23, 24, 28, 30, 33, 36, 38, 41, 53, 62, 65, 69, 71, 73, 82, 93, 98, 101, 106, 107, 125, 126, 127, 130, 134, 136, 137, 142, 143, 144, 145, 148, 152, 173, 176, 185, 186, 187, 192, 195]
x_19: [2, 4, 6, 8, 11, 15, 18, 20, 21, 23, 24, 25, 27, 29, 34, 35, 36, 40, 42, 43, 44, 47, 49, 50, 51, 52, 53, 54, 67, 68, 71, 75, 77, 81, 84, 85, 92, 94, 97, 99, 100, 102, 104, 105, 108, 111, 115, 116, 117, 120, 121, 122, 129, 132, 133, 134, 138, 139, 140, 141, 142, 143, 146, 149, 150, 153, 154, 157, 159, 162, 163, 164, 169, 170, 171, 172, 180, 187, 191, 194, 195, 196, 198]
x_20: [5, 7, 14, 19, 22, 25, 26, 32, 33, 38, 41, 45, 50, 51, 53, 59, 62, 64, 65, 69, 74, 77, 82, 91, 93, 102, 104, 105, 107, 114, 117, 125, 126, 133, 135, 137, 143, 146, 148, 152, 154, 158, 167, 168, 173, 175, 179, 182, 191, 195, 199]
x_21: [4, 5, 7, 12, 19, 22, 25, 28, 29, 37, 41, 45, 50, 53, 59, 69, 74, 78, 81, 82, 85, 90, 91, 95, 100, 101, 102, 106, 107, 112, 116, 117, 125, 127, 136, 142, 143, 145, 148, 152, 158, 163, 166, 170, 172, 178, 179, 182, 183, 190, 192, 195, 199]
x_22: [1, 3, 4, 9, 12, 15, 16, 17, 18, 20, 21, 23, 27, 30, 31, 37, 39, 40, 42, 46, 49, 51, 52, 54, 55, 56, 60, 64, 66, 68, 70, 73, 75, 79, 80, 81, 82, 83, 84, 85, 89, 92, 97, 100, 104, 106, 108, 109, 114, 116, 118, 119, 122, 124, 128, 130, 132, 133, 134, 135, 139, 145, 146, 147, 149, 150, 153, 156, 158, 160, 161, 162, 172, 174, 177, 180, 182, 185, 187, 189, 190, 191, 193, 196, 197, 200]
x_23: [14, 16, 18, 19, 22, 24, 28, 30, 36, 41, 44, 45, 50, 53, 62, 69, 71, 73, 74, 78, 86, 90, 91, 95, 102, 105, 106, 107, 113, 126, 127, 130, 134, 136, 137, 142, 143, 144, 152, 158, 166, 167, 168, 178, 182, 183, 185, 186, 187, 190, 195]
x_24: [5, 7, 14, 16, 18, 19, 23, 25, 26, 30, 36, 37, 38, 41, 44, 45, 50, 53, 59, 64, 65, 71, 73, 74, 78, 86, 98, 102, 105, 106, 117, 126, 127, 130, 134, 143, 152, 166, 168, 173, 175, 177, 178, 182, 183, 185, 187, 190, 192, 195, 199]
x_25: [3, 4, 6, 8, 10, 12, 19, 20, 21, 24, 27, 31, 35, 36, 40, 42, 44, 46, 47, 49, 50, 51, 52, 53, 56, 57, 60, 66, 67, 73, 79, 83, 84, 85, 87, 88, 89, 92, 96, 97, 99, 102, 104, 105, 108, 110, 111, 114, 117, 118, 119, 120, 121, 122, 123, 130, 131, 132, 135, 138, 139, 140, 142, 143, 146, 149, 153, 154, 156, 157, 159, 160, 161, 163, 164, 165, 169, 172, 174, 181, 184, 187, 188, 189, 191, 194, 195, 196]
x_26: [1, 2, 3, 8, 9, 10, 11, 12, 20, 24, 29, 32, 35, 36, 39, 43, 45, 46, 47, 49, 54, 55, 56, 57, 58, 60, 61, 63, 67, 73, 74, 75, 76, 81, 84, 86, 89, 93, 94, 96, 97, 99, 103, 107, 109, 112, 119, 124, 125, 126, 128, 130, 132, 133, 134, 135, 136, 138, 139, 141, 146, 150, 151, 153, 155, 159, 161, 169, 170, 171, 172, 175, 178, 181, 184, 185, 187, 188, 189, 193, 196, 197]
x_27: [6, 7, 10, 19, 22, 25, 28, 33, 37, 39, 42, 44, 50, 59, 64, 65, 74, 78, 83, 95, 99, 101, 102, 107, 115, 117, 125, 137, 143, 145, 148, 149, 167, 169, 173, 175, 178, 182, 183, 186, 190, 195, 196, 199]
x_28: [4, 5, 6, 8, 10, 12, 13, 15, 17, 18, 21, 23, 27, 31, 33, 34, 36, 39, 43, 49, 51, 54, 55, 57, 58, 60, 62, 63, 65, 67, 68, 69, 70, 71, 72, 75, 76, 77, 81, 83, 84, 87, 88, 89, 92, 96, 99, 100, 103, 104, 108, 109, 110, 118, 119, 120, 121, 122, 123, 127, 128, 129, 133, 134, 139, 141, 149, 150, 151, 157, 159, 161, 162, 164, 166, 171, 172, 174, 179, 181, 183, 184, 185, 186, 187, 188, 189, 191, 194, 197]
x_29: [4, 5, 7, 12, 14, 19, 21, 26, 37, 38, 45, 53, 65, 69, 74, 78, 81, 85, 90, 91, 95, 100, 105, 112, 113, 116, 125, 145, 148, 152, 163, 166, 168, 170, 172, 173, 175, 177, 179, 182, 186, 190, 192, 195, 199]
x_30: [5, 7, 16, 18, 22, 23, 24, 36, 37, 41, 44, 45, 65, 71, 73, 74, 82, 91, 93, 95, 98, 101, 102, 105, 106, 113, 117, 126, 127, 130, 134, 136, 137, 142, 158, 166, 167, 168, 173, 177, 179, 182, 183, 185, 186, 187, 192]
x_31: [1, 7, 9, 14, 22, 25, 28, 35, 41, 44, 59, 64, 78, 82, 86, 87, 101, 102, 106, 107, 117, 119, 125, 143, 144, 145, 148, 152, 153, 158, 159, 173, 174, 178, 180, 184, 192, 193, 195, 199]
x_32: [7, 14, 16, 20, 26, 33, 41, 44, 50, 51, 53, 59, 64, 69, 74, 77, 82, 90, 91, 98, 101, 104, 107, 113, 114, 117, 125, 133, 135, 142, 143, 144, 145, 146, 148, 154, 166, 167, 176, 177, 178, 179, 183, 186, 191, 199]
x_33: [1, 2, 3, 4, 5, 6, 10, 11, 12, 13, 18, 20, 27, 28, 32, 35, 39, 43, 46, 48, 49, 51, 54, 57, 61, 62, 63, 65, 66, 68, 69, 70, 72, 75, 77, 79, 80, 81, 83, 84, 85, 87, 88, 89, 92, 94, 96, 97, 99, 100, 104, 109, 110, 111, 118, 120, 124, 127, 131, 135, 138, 139, 140, 141, 146, 147, 150, 154, 156, 157, 160, 161, 162, 164, 165, 166, 170, 172, 179, 180, 181, 183, 185, 186, 188, 189, 191, 193, 194, 196, 198]
x_34: [2, 7, 16, 17, 19, 28, 41, 43, 44, 45, 50, 53, 56, 59, 65, 78, 82, 90, 94, 95, 101, 102, 107, 108, 111, 117, 118, 125, 129, 137, 143, 144, 145, 148, 152, 168, 173, 176, 177, 179, 183, 186, 190, 192, 199, 200]
x_35: [1, 9, 14, 16, 19, 25, 26, 31, 33, 37, 38, 41, 44, 53, 62, 65, 69, 78, 82, 87, 91, 93, 101, 106, 107, 119, 125, 136, 137, 143, 144, 145, 152, 153, 158, 159, 166, 167, 168, 173, 174, 180, 182, 184, 186, 190, 192, 193, 195]
x_36: [5, 16, 18, 19, 23, 24, 25, 26, 28, 30, 37, 38, 53, 59, 64, 71, 73, 74, 78, 82, 86, 90, 91, 93, 95, 106, 107, 113, 125, 130, 134, 136, 137, 143, 144, 148, 166, 167, 168, 175, 183, 185, 187]
x_37: [1, 3, 8, 9, 12, 16, 17, 21, 22, 24, 27, 29, 30, 35, 36, 39, 42, 43, 46, 48, 49, 56, 57, 60, 61, 63, 64, 67, 72, 73, 75, 77, 79, 80, 81, 82, 83, 87, 88, 92, 96, 106, 108, 109, 110, 114, 116, 121, 122, 128, 131, 132, 134, 138, 139, 145, 147, 151, 154, 156, 157, 158, 159, 160, 165, 169, 170, 171, 174, 177, 181, 182, 184, 185, 188, 189, 190, 191, 193, 197, 198, 200]
x_38: [1, 6, 7, 8, 9, 10, 13, 17, 18, 20, 24, 29, 35, 36, 41, 42, 43, 46, 47, 49, 51, 52, 54, 57, 60, 61, 63, 66, 67, 68, 70, 72, 73, 75, 76, 77, 78, 79, 80, 81, 83, 89, 95, 97, 99, 100, 103, 108, 110, 111, 112, 114, 116, 122, 124, 128, 130, 131, 132, 133, 134, 135, 141, 144, 147, 148, 149, 153, 156, 157, 161, 162, 163, 164, 165, 168, 169, 173, 174, 176, 180, 181, 184, 187, 188, 191, 192, 194, 196, 197, 198, 200]
x_39: [6, 10, 16, 22, 26, 27, 28, 33, 37, 41, 42, 44, 45, 50, 59, 69, 74, 82, 83, 86, 90, 91, 95, 99, 102, 105, 106, 113, 115, 117, 125, 126, 136, 137, 143, 144, 149, 152, 158, 168, 169, 173, 175, 177, 178, 182, 183, 186, 190, 192, 196, 199]
x_40: [16, 19, 22, 25, 41, 44, 45, 54, 55, 58, 59, 62, 63, 64, 65, 74, 80, 93, 95, 101, 102, 105, 109, 124, 127, 136, 142, 144, 145, 147, 148, 158, 164, 168, 175, 176, 177, 178, 179, 182, 183, 186, 195, 197, 199]
x_41: [1, 3, 4, 6, 7, 8, 10, 11, 13, 15, 17, 18, 20, 21, 23, 24, 30, 31, 32, 34, 35, 38, 39, 40, 52, 54, 55, 56, 57, 63, 67, 68, 70, 71, 72, 73, 76, 77, 78, 81, 83, 84, 85, 95, 97, 99, 103, 109, 110, 114, 115, 118, 119, 120, 122, 124, 129, 131, 132, 133, 135, 139, 144, 146, 147, 148, 149, 150, 153, 154, 155, 157, 160, 161, 163, 164, 165, 168, 169, 170, 172, 173, 174, 176, 188, 189, 191, 192, 197, 198]
x_42: [5, 6, 10, 16, 19, 22, 25, 27, 37, 38, 39, 44, 45, 53, 62, 64, 69, 74, 78, 82, 83, 86, 90, 95, 98, 99, 102, 106, 107, 115, 117, 144, 149, 152, 158, 166, 167, 168, 169, 176, 182, 183, 190, 192, 196, 199]
x_43: [2, 5, 7, 16, 17, 19, 26, 28, 33, 34, 37, 38, 44, 45, 56, 62, 86, 90, 91, 93, 94, 95, 98, 101, 106, 107, 108, 111, 118, 126, 129, 136, 143, 148, 152, 166, 168, 173, 177, 178, 179, 186, 190, 192, 195, 199, 200]
x_44: [4, 8, 9, 15, 17, 19, 23, 24, 25, 27, 30, 31, 32, 34, 35, 39, 40, 42, 43, 46, 48, 50, 52, 53, 54, 55, 57, 61, 66, 67, 68, 72, 75, 76, 81, 84, 87, 88, 89, 92, 99, 102, 104, 105, 109, 112, 115, 116, 117, 118, 121, 124, 129, 132, 134, 140, 141, 142, 143, 149, 150, 151, 153, 156, 157, 159, 160, 162, 165, 169, 170, 171, 172, 174, 181, 187, 188, 189, 193, 194, 195, 196, 197, 198]
x_45: [3, 4, 6, 8, 9, 11, 12, 13, 17, 20, 21, 23, 24, 26, 29, 30, 34, 39, 40, 42, 43, 47, 49, 51, 57, 60, 61, 66, 70, 71, 73, 74, 75, 76, 77, 79, 81, 83, 84, 85, 86, 88, 89, 92, 93, 94, 99, 100, 104, 107, 108, 109, 111, 114, 116, 118, 120, 123, 124, 125, 126, 131, 132, 133, 134, 136, 139, 146, 147, 149, 150, 151, 153, 155, 157, 159, 161, 162, 164, 170, 171, 172, 175, 178, 180, 181, 187, 188, 191, 193, 196]
x_46: [14, 16, 22, 25, 26, 33, 37, 38, 44, 50, 53, 62, 65, 74, 82, 86, 88, 93, 96, 105, 106, 110, 113, 117, 123, 132, 137, 151, 152, 158, 160, 162, 166, 168, 171, 173, 188, 190, 199]
x_47: [5, 7, 16, 19, 25, 26, 38, 45, 59, 62, 64, 69, 70, 74, 75, 76, 93, 95, 98, 106, 107, 113, 122, 125, 126, 136, 137, 139, 144, 145, 150, 155, 157, 158, 165, 166, 167, 168, 173, 175, 176, 179, 181, 182, 183, 192]
x_48: [3, 5, 15, 16, 33, 37, 44, 49, 50, 57, 60, 65, 67, 69, 78, 86, 90, 91, 101, 102, 103, 105, 106, 117, 120, 126, 127, 136, 137, 141, 142, 145, 148, 152, 166, 168, 175, 176, 177, 178, 179, 182, 183, 186, 192, 194, 199]
x_49: [3, 5, 14, 15, 19, 22, 25, 26, 28, 33, 37, 38, 45, 48, 50, 53, 57, 60, 65, 67, 69, 74, 78, 86, 90, 91, 93, 98, 101, 102, 103, 105, 107, 113, 117, 120, 125, 126, 136, 141, 143, 145, 158, 166, 175, 176, 177, 178, 179, 182, 186, 194, 195]
x_50: [1, 2, 4, 8, 9, 12, 13, 15, 17, 19, 20, 21, 23, 24, 25, 27, 32, 34, 39, 44, 46, 48, 49, 52, 53, 55, 57, 60, 66, 68, 70, 72, 73, 81, 83, 84, 87, 89, 92, 94, 99, 102, 105, 108, 110, 111, 112, 114, 115, 116, 117, 119, 120, 124, 128, 129, 132, 133, 134, 135, 139, 142, 143, 146, 147, 149, 150, 151, 154, 155, 157, 159, 161, 163, 165, 170, 174, 180, 185, 187, 191, 193, 194, 195, 196, 197, 198]
x_51: [5, 7, 16, 19, 20, 22, 25, 28, 32, 33, 38, 45, 62, 69, 74, 77, 82, 90, 93, 95, 98, 101, 104, 105, 107, 113, 114, 125, 126, 127, 133, 135, 136, 137, 143, 145, 146, 152, 154, 166, 168, 173, 175, 177, 183, 186, 191]
x_52: [8, 11, 14, 19, 22, 25, 38, 41, 44, 50, 53, 59, 68, 82, 86, 89, 90, 91, 93, 95, 97, 117, 121, 125, 128, 137, 138, 140, 142, 143, 158, 166, 168, 173, 178, 179, 186, 195, 198, 199]
x_53: [1, 4, 6, 9, 10, 15, 17, 18, 19, 20, 21, 23, 24, 25, 29, 32, 34, 35, 36, 42, 44, 46, 49, 50, 52, 54, 55, 56, 57, 60, 61, 63, 66, 72, 79, 88, 89, 92, 94, 96, 97, 102, 104, 105, 110, 111, 112, 114, 117, 118, 122, 123, 124, 133, 134, 135, 139, 140, 141, 142, 143, 146, 147, 150, 151, 153, 154, 156, 163, 170, 171, 185, 187, 189, 195, 197, 198, 200]
x_54: [7, 14, 19, 22, 26, 28, 33, 38, 40, 41, 44, 53, 55, 58, 63, 64, 65, 69, 74, 78, 80, 82, 93, 95, 98, 101, 106, 109, 113, 117, 124, 125, 127, 136, 137, 142, 144, 145, 147, 148, 158, 164, 167, 173, 175, 183, 186, 192, 197, 199]
x_55: [14, 16, 22, 26, 28, 40, 41, 44, 50, 53, 54, 58, 59, 63, 69, 74, 80, 86, 91, 93, 98, 101, 102, 107, 109, 113, 117, 124, 125, 126, 127, 136, 137, 143, 145, 147, 148, 158, 164, 166, 168, 173, 175, 176, 178, 179, 183, 186, 192, 195, 197, 199]
x_56: [2, 5, 17, 22, 25, 26, 34, 37, 41, 43, 53, 59, 64, 90, 91, 94, 95, 98, 101, 102, 105, 107, 108, 111, 118, 129, 143, 158, 167, 173, 175, 176, 177, 179, 183, 200]
x_57: [3, 5, 14, 15, 16, 25, 26, 28, 33, 37, 38, 41, 44, 45, 48, 49, 50, 53, 59, 60, 62, 64, 65, 67, 78, 90, 93, 95, 101, 102, 103, 106, 113, 117, 120, 125, 126, 136, 137, 141, 143, 144, 145, 148, 166, 167, 178, 179, 186, 190, 192, 194, 195]
x_58: [7, 16, 26, 28, 40, 54, 55, 59, 63, 64, 69, 74, 78, 80, 90, 98, 101, 109, 117, 124, 127, 136, 137, 142, 143, 144, 147, 152, 158, 164, 168, 173, 178, 182, 190, 192, 197]
x_59: [6, 9, 14, 17, 20, 21, 24, 27, 31, 32, 34, 36, 39, 40, 47, 52, 55, 56, 57, 58, 61, 63, 67, 70, 72, 73, 77, 81, 83, 85, 87, 88, 89, 90, 91, 92, 96, 97, 98, 100, 101, 104, 111, 113, 119, 120, 122, 128, 129, 132, 137, 138, 139, 141, 146, 150, 151, 152, 157, 159, 161, 162, 163, 165, 167, 169, 170, 172, 180, 181, 187, 188, 189, 193, 196, 197, 198, 199]
x_60: [3, 7, 15, 16, 22, 25, 26, 28, 37, 38, 45, 48, 49, 50, 53, 57, 62, 64, 65, 67, 69, 78, 90, 91, 93, 95, 102, 103, 106, 107, 117, 120, 125, 127, 141, 142, 144, 145, 158, 166, 167, 168, 173, 177, 178, 179, 182, 183, 186, 192, 194, 199]
x_61: [7, 13, 16, 26, 33, 37, 38, 44, 45, 53, 59, 62, 64, 65, 66, 69, 72, 78, 79, 84, 86, 92, 93, 95, 102, 106, 107, 126, 131, 142, 143, 144, 148, 152, 156, 158, 161, 173, 189, 190, 192, 195]
x_62: [1, 2, 3, 4, 5, 6, 8, 10, 12, 13, 15, 17, 18, 20, 23, 28, 33, 35, 40, 42, 43, 46, 47, 51, 57, 60, 61, 65, 68, 69, 70, 71, 72, 75, 76, 77, 79, 80, 84, 85, 89, 99, 103, 104, 108, 111, 114, 115, 116, 118, 119, 120, 121, 122, 123, 124, 127, 128, 130, 131, 132, 134, 141, 146, 147, 149, 150, 155, 156, 157, 159, 160, 161, 165, 166, 170, 171, 172, 174, 179, 180, 181, 183, 184, 185, 186, 187, 193, 196, 198, 200]
x_63: [5, 16, 26, 28, 33, 37, 38, 40, 41, 53, 54, 55, 58, 59, 64, 74, 78, 80, 91, 93, 95, 98, 101, 105, 106, 109, 113, 117, 124, 126, 127, 136, 144, 145, 147, 164, 167, 168, 175, 177, 178, 186, 190, 192, 197]
x_64: [4, 9, 10, 12, 15, 16, 20, 22, 24, 27, 31, 32, 36, 37, 40, 42, 47, 54, 56, 57, 58, 60, 61, 63, 71, 75, 76, 79, 82, 85, 88, 92, 96, 97, 99, 104, 106, 111, 112, 119, 121, 124, 128, 131, 132, 133, 135, 138, 140, 145, 146, 149, 150, 154, 155, 156, 158, 162, 163, 164, 165, 169, 170, 171, 177, 180, 182, 185, 187, 189, 190, 191, 193, 196]
x_65: [1, 3, 5, 6, 8, 9, 13, 15, 17, 18, 20, 24, 27, 28, 29, 30, 33, 34, 35, 40, 46, 48, 49, 54, 57, 60, 61, 62, 68, 69, 71, 72, 73, 76, 77, 80, 81, 83, 85, 92, 94, 96, 97, 99, 104, 109, 110, 111, 112, 114, 116, 120, 122, 123, 124, 127, 128, 130, 134, 139, 141, 146, 147, 150, 151, 153, 154, 156, 157, 160, 162, 164, 165, 166, 169, 170, 171, 174, 179, 180, 183, 186, 187, 188, 191, 193, 194, 196, 197, 198, 200]
x_66: [5, 7, 13, 14, 16, 22, 25, 33, 38, 44, 45, 50, 53, 61, 72, 74, 78, 79, 82, 84, 90, 91, 92, 93, 95, 98, 102, 107, 117, 126, 131, 144, 145, 148, 152, 156, 158, 161, 166, 168, 173, 177, 178, 182, 186, 189, 195]
x_67: [3, 5, 7, 15, 19, 25, 26, 28, 37, 38, 41, 44, 48, 49, 57, 59, 60, 69, 74, 86, 90, 93, 95, 98, 101, 103, 105, 106, 120, 126, 137, 141, 142, 143, 145, 148, 152, 158, 166, 177, 178, 179, 182, 190, 194, 199]
x_68: [5, 7, 8, 11, 16, 19, 22, 28, 33, 38, 41, 44, 50, 52, 62, 65, 74, 82, 89, 90, 95, 97, 98, 102, 105, 106, 107, 121, 125, 126, 127, 128, 136, 137, 138, 140, 143, 144, 148, 152, 166, 175, 177, 195, 198]
x_69: [3, 4, 5, 6, 9, 10, 12, 17, 18, 20, 21, 23, 28, 29, 32, 33, 35, 39, 42, 47, 48, 49, 51, 54, 55, 58, 60, 61, 62, 65, 67, 70, 72, 73, 76, 77, 79, 80, 84, 88, 89, 92, 96, 103, 111, 115, 118, 123, 124, 127, 128, 130, 134, 135, 138, 149, 150, 153, 155, 156, 159, 161, 162, 166, 170, 174, 179, 180, 183, 184, 185, 186, 187, 191, 194, 196, 197]
x_70: [5, 7, 22, 28, 33, 38, 41, 45, 47, 50, 59, 62, 69, 75, 76, 82, 86, 91, 95, 98, 101, 102, 105, 113, 122, 126, 127, 136, 139, 142, 143, 145, 150, 155, 157, 158, 165, 166, 167, 173, 175, 176, 177, 178, 181, 182, 186]
x_71: [5, 7, 14, 18, 19, 23, 24, 28, 30, 36, 41, 45, 62, 64, 65, 73, 74, 78, 82, 86, 90, 93, 95, 98, 101, 105, 113, 117, 125, 126, 127, 130, 134, 142, 144, 145, 152, 158, 166, 173, 175, 176, 177, 183, 185, 187, 190, 195, 199]
x_72: [13, 16, 28, 33, 37, 38, 41, 44, 50, 53, 59, 61, 62, 65, 66, 69, 78, 79, 84, 86, 90, 92, 95, 98, 102, 105, 106, 107, 125, 126, 127, 131, 136, 137, 143, 144, 152, 156, 158, 161, 175, 179, 182, 186, 189, 195, 199]
x_73: [5, 18, 22, 23, 24, 25, 26, 30, 36, 37, 38, 41, 45, 50, 59, 65, 69, 71, 74, 78, 90, 91, 93, 98, 101, 102, 105, 106, 117, 125, 130, 134, 137, 142, 148, 152, 166, 167, 168, 175, 177, 179, 182, 183, 185, 187, 192, 195, 199]
x_74: [2, 3, 4, 9, 12, 13, 15, 20, 21, 23, 24, 26, 27, 29, 30, 32, 36, 39, 40, 42, 45, 46, 47, 49, 51, 54, 55, 58, 63, 66, 67, 68, 71, 73, 75, 76, 79, 80, 81, 83, 84, 85, 86, 89, 92, 93, 96, 97, 100, 104, 107, 108, 110, 111, 115, 116, 119, 121, 123, 124, 125, 126, 130, 131, 134, 135, 136, 138, 140, 141, 150, 151, 156, 157, 159, 160, 161, 162, 163, 165, 169, 170, 172, 174, 175, 178, 185, 187, 188, 189, 191, 193, 194, 196, 198, 200]
x_75: [5, 7, 16, 19, 22, 26, 28, 33, 37, 38, 44, 45, 47, 62, 64, 70, 74, 76, 90, 93, 106, 107, 113, 117, 122, 125, 137, 139, 143, 145, 150, 152, 155, 157, 165, 166, 167, 168, 173, 175, 176, 178, 181, 186, 190, 192, 195, 199]
x_76: [14, 16, 26, 28, 38, 41, 44, 45, 47, 62, 64, 65, 69, 70, 74, 75, 82, 86, 95, 98, 102, 105, 113, 117, 122, 125, 126, 127, 136, 137, 139, 150, 155, 157, 165, 166, 167, 173, 175, 177, 179, 181, 182, 186, 199]
x_77: [5, 7, 16, 19, 20, 28, 32, 33, 37, 38, 41, 45, 51, 59, 62, 65, 69, 78, 95, 98, 101, 102, 104, 105, 106, 107, 113, 114, 117, 125, 126, 133, 135, 136, 137, 142, 145, 146, 152, 154, 158, 166, 168, 173, 176, 177, 179, 182, 191, 199]
x_78: [1, 2, 4, 6, 7, 8, 10, 12, 13, 21, 23, 24, 27, 29, 31, 34, 35, 36, 38, 41, 42, 48, 49, 54, 57, 58, 60, 61, 63, 66, 71, 72, 73, 77, 79, 83, 87, 88, 92, 94, 95, 97, 99, 100, 103, 108, 111, 114, 115, 118, 119, 121, 122, 124, 129, 130, 132, 133, 134, 135, 138, 139, 140, 144, 146, 148, 149, 151, 154, 155, 156, 157, 160, 164, 168, 169, 170, 171, 172, 173, 176, 180, 187, 188, 189, 191, 192, 197]
x_79: [5, 7, 13, 14, 22, 25, 33, 37, 38, 45, 53, 61, 62, 64, 66, 69, 72, 74, 78, 82, 84, 90, 92, 106, 117, 125, 127, 131, 136, 137, 142, 143, 144, 152, 156, 161, 166, 167, 168, 175, 176, 177, 179, 182, 183, 189, 190, 195, 199]
x_80: [14, 22, 33, 37, 38, 40, 54, 55, 58, 62, 63, 65, 69, 74, 82, 86, 93, 95, 98, 101, 102, 109, 124, 125, 127, 136, 137, 142, 144, 147, 148, 152, 158, 164, 167, 175, 178, 179, 182, 190, 195, 197]
x_81: [4, 7, 12, 19, 21, 22, 26, 28, 29, 33, 37, 38, 41, 44, 45, 50, 59, 65, 74, 82, 85, 86, 91, 93, 95, 98, 100, 101, 106, 112, 113, 116, 117, 125, 126, 127, 136, 137, 142, 148, 152, 163, 168, 170, 172, 175, 176, 177, 182, 186, 190, 192, 195, 199]
x_82: [1, 8, 9, 11, 16, 17, 18, 20, 21, 22, 30, 31, 32, 34, 35, 36, 37, 39, 42, 46, 51, 52, 54, 64, 66, 68, 70, 71, 76, 79, 80, 81, 85, 88, 89, 94, 96, 106, 109, 110, 111, 112, 114, 115, 116, 118, 119, 120, 121, 123, 124, 129, 131, 132, 134, 135, 140, 145, 149, 150, 153, 155, 158, 159, 160, 162, 163, 164, 165, 169, 171, 172, 177, 180, 182, 184, 190, 191, 198]
x_83: [6, 10, 16, 22, 25, 27, 28, 33, 37, 38, 39, 41, 42, 45, 50, 59, 65, 74, 78, 86, 90, 91, 95, 98, 99, 101, 106, 107, 113, 115, 125, 126, 136, 137, 143, 148, 149, 152, 158, 166, 169, 175, 176, 178, 183, 186, 190, 192, 195, 196]
x_84: [13, 14, 19, 22, 25, 26, 28, 33, 41, 44, 45, 50, 61, 62, 66, 69, 72, 74, 79, 90, 92, 95, 98, 102, 106, 113, 125, 131, 137, 142, 144, 145, 148, 156, 161, 166, 167, 173, 176, 177, 179, 182, 183, 186, 189, 199]
x_85: [4, 5, 7, 12, 16, 19, 21, 22, 25, 29, 33, 41, 45, 59, 62, 64, 65, 74, 81, 82, 86, 90, 91, 93, 95, 98, 100, 101, 105, 107, 112, 113, 116, 117, 125, 127, 137, 142, 143, 145, 148, 158, 163, 166, 167, 168, 170, 172, 173, 175, 176, 177, 178, 179, 190, 195, 199]
x_86: [1, 2, 4, 6, 8, 9, 10, 11, 12, 13, 15, 17, 23, 24, 26, 31, 36, 39, 42, 43, 45, 46, 48, 49, 52, 55, 61, 67, 70, 71, 72, 74, 76, 80, 81, 83, 85, 87, 88, 89, 93, 97, 99, 104, 107, 108, 109, 111, 112, 115, 116, 118, 119, 120, 122, 125, 126, 129, 130, 131, 133, 134, 135, 136, 139, 140, 141, 156, 160, 161, 162, 163, 164, 165, 175, 178, 180, 181, 185, 188, 193, 194, 197, 198, 200]
x_87: [1, 5, 9, 14, 16, 25, 28, 31, 33, 35, 37, 44, 50, 59, 78, 86, 98, 101, 105, 117, 119, 125, 127, 136, 137, 142, 143, 144, 145, 152, 153, 158, 159, 167, 174, 176, 177, 178, 179, 180, 183, 184, 192, 193, 195, 199]
x_88: [5, 7, 16, 25, 28, 33, 37, 44, 45, 46, 53, 59, 64, 69, 78, 82, 86, 91, 93, 95, 96, 98, 101, 102, 110, 113, 117, 123, 125, 132, 142, 143, 145, 148, 151, 158, 160, 162, 167, 171, 173, 177, 179, 182, 186, 188, 190, 195]
x_89: [5, 8, 11, 14, 16, 22, 25, 26, 28, 33, 38, 44, 45, 50, 52, 53, 59, 62, 68, 69, 74, 82, 86, 90, 93, 97, 105, 113, 117, 121, 128, 137, 138, 140, 142, 143, 144, 148, 152, 166, 168, 173, 175, 176, 178, 182, 186, 192, 195, 198]
x_90: [1, 2, 6, 11, 12, 13, 14, 15, 21, 23, 29, 32, 34, 36, 39, 42, 43, 48, 49, 51, 52, 56, 57, 58, 59, 60, 66, 67, 68, 71, 72, 73, 75, 79, 83, 84, 85, 89, 91, 94, 97, 98, 99, 100, 101, 103, 104, 108, 109, 110, 111, 113, 118, 119, 121, 122, 128, 129, 133, 135, 137, 138, 140, 146, 147, 149, 150, 152, 154, 155, 156, 160, 161, 163, 164, 167, 169, 170, 171, 180, 184, 185, 198, 199, 200]
x_91: [1, 3, 4, 6, 8, 10, 11, 12, 13, 14, 15, 17, 20, 21, 23, 29, 30, 32, 35, 36, 39, 43, 48, 49, 52, 55, 56, 59, 60, 63, 66, 70, 73, 81, 83, 85, 88, 90, 94, 97, 98, 99, 101, 103, 109, 110, 111, 112, 113, 115, 120, 122, 123, 128, 129, 130, 131, 132, 133, 134, 135, 137, 138, 140, 147, 152, 154, 157, 160, 161, 164, 167, 169, 170, 181, 184, 185, 188, 193, 197, 199, 200]
x_92: [5, 7, 13, 14, 16, 19, 22, 25, 28, 33, 37, 44, 45, 50, 53, 59, 61, 64, 65, 66, 69, 72, 74, 78, 79, 84, 93, 95, 101, 107, 131, 137, 142, 144, 148, 156, 158, 161, 166, 167, 179, 182, 186, 189, 190, 192, 195]
x_93: [4, 6, 9, 11, 15, 18, 20, 26, 30, 35, 36, 40, 43, 45, 46, 47, 49, 51, 52, 54, 55, 57, 60, 61, 63, 66, 67, 71, 73, 74, 75, 80, 81, 85, 86, 88, 89, 92, 96, 97, 103, 107, 108, 109, 110, 114, 115, 116, 119, 120, 121, 125, 126, 128, 131, 132, 135, 136, 138, 139, 146, 147, 149, 151, 153, 154, 155, 156, 157, 159, 160, 161, 162, 163, 169, 171, 172, 175, 178, 189, 193, 194, 196, 198]
x_94: [2, 5, 14, 17, 19, 26, 33, 34, 43, 45, 50, 53, 56, 65, 78, 82, 90, 91, 95, 98, 102, 106, 107, 108, 111, 117, 118, 125, 129, 136, 137, 144, 148, 158, 179, 186, 190, 195, 200]
x_95: [1, 2, 4, 7, 8, 11, 13, 21, 23, 27, 29, 30, 34, 36, 38, 39, 40, 41, 42, 43, 47, 51, 52, 54, 56, 57, 60, 61, 63, 66, 67, 68, 70, 71, 72, 76, 77, 78, 80, 81, 83, 84, 85, 88, 92, 94, 96, 99, 100, 103, 104, 108, 112, 114, 118, 120, 121, 122, 124, 130, 132, 138, 139, 140, 141, 144, 148, 150, 153, 154, 155, 157, 159, 165, 168, 169, 170, 171, 173, 174, 176, 180, 181, 188, 191, 192, 193, 194, 196, 197, 200]
x_96: [5, 7, 14, 16, 25, 26, 28, 33, 37, 46, 53, 59, 64, 65, 69, 74, 82, 88, 93, 95, 101, 105, 107, 110, 123, 125, 132, 143, 151, 152, 158, 160, 162, 166, 167, 171, 176, 177, 178, 179, 182, 183, 188, 190, 199]
x_97: [5, 7, 8, 11, 14, 16, 19, 22, 25, 26, 33, 38, 41, 52, 53, 59, 64, 65, 68, 74, 78, 86, 89, 90, 91, 93, 98, 102, 105, 106, 107, 113, 121, 125, 128, 136, 137, 138, 140, 143, 144, 158, 167, 175, 177, 178, 179, 182, 183, 186, 192, 198]
x_98: [1, 3, 4, 6, 9, 10, 13, 14, 15, 17, 18, 24, 30, 32, 42, 43, 47, 49, 51, 54, 55, 56, 58, 59, 63, 66, 67, 68, 70, 71, 72, 73, 76, 77, 80, 81, 83, 84, 85, 87, 88, 90, 91, 94, 97, 101, 103, 104, 108, 111, 112, 113, 114, 116, 121, 122, 124, 128, 132, 133, 135, 137, 139, 146, 152, 156, 157, 159, 160, 164, 165, 167, 169, 170, 171, 172, 180, 181, 187, 188, 189, 193, 194, 198, 199, 200]
x_99: [5, 6, 10, 19, 25, 26, 27, 28, 33, 38, 39, 41, 42, 44, 45, 50, 62, 64, 65, 78, 83, 86, 90, 91, 95, 102, 107, 115, 117, 126, 137, 142, 144, 145, 149, 152, 166, 167, 169, 175, 178, 182, 183, 190, 192, 195, 196, 199]
x_100: [4, 5, 12, 16, 19, 21, 22, 28, 29, 33, 38, 45, 59, 74, 78, 81, 85, 90, 95, 101, 102, 106, 107, 112, 113, 116, 126, 142, 143, 145, 148, 152, 163, 166, 167, 170, 172, 173, 175, 177, 179, 182, 183, 186, 192]
x_101: [1, 3, 6, 8, 9, 10, 11, 12, 13, 14, 15, 17, 18, 21, 27, 30, 31, 32, 34, 35, 40, 43, 48, 49, 51, 54, 55, 56, 57, 58, 59, 63, 67, 70, 71, 73, 77, 80, 81, 83, 85, 87, 88, 90, 91, 92, 96, 98, 100, 103, 104, 111, 112, 113, 114, 115, 118, 123, 124, 128, 130, 132, 134, 137, 139, 146, 149, 150, 151, 152, 153, 154, 156, 157, 159, 160, 162, 164, 167, 169, 170, 171, 172, 174, 187, 188, 189, 191, 193, 194, 198, 199]
x_102: [1, 2, 3, 6, 9, 10, 11, 12, 13, 15, 19, 20, 21, 23, 24, 25, 27, 30, 31, 34, 39, 40, 42, 44, 48, 49, 50, 53, 55, 56, 57, 60, 61, 66, 68, 70, 72, 73, 76, 77, 80, 84, 88, 94, 97, 99, 100, 103, 105, 108, 110, 111, 117, 120, 121, 123, 124, 128, 129, 131, 132, 133, 134, 135, 138, 139, 141, 142, 143, 147, 149, 151, 154, 157, 159, 160, 162, 164, 165, 169, 172, 174, 180, 185, 187, 188, 189, 191, 195, 196, 198]
x_103: [3, 15, 16, 26, 28, 38, 41, 48, 49, 57, 60, 62, 67, 69, 78, 90, 91, 93, 95, 98, 101, 102, 105, 106, 113, 120, 126, 136, 141, 142, 152, 166, 167, 168, 175, 176, 177, 179, 182, 186, 190, 192, 194, 199]
x_104: [5, 7, 14, 16, 19, 20, 22, 25, 28, 32, 33, 44, 45, 51, 53, 59, 62, 64, 65, 74, 77, 86, 90, 95, 98, 101, 105, 107, 114, 125, 127, 133, 135, 143, 144, 146, 148, 154, 166, 168, 173, 175, 176, 177, 179, 183, 190, 191, 195, 199]
x_105: [2, 3, 4, 9, 10, 11, 12, 13, 15, 19, 20, 23, 24, 25, 29, 30, 39, 40, 44, 46, 48, 49, 50, 51, 53, 56, 63, 67, 68, 70, 71, 72, 73, 76, 77, 85, 87, 89, 96, 97, 102, 103, 104, 108, 111, 114, 115, 117, 118, 119, 121, 122, 129, 132, 133, 134, 135, 138, 141, 142, 143, 147, 153, 156, 157, 159, 160, 161, 162, 164, 165, 170, 172, 174, 180, 181, 184, 185, 188, 191, 193, 194, 195, 197, 198, 200]
x_106: [1, 3, 6, 11, 12, 15, 16, 18, 21, 22, 23, 24, 30, 31, 35, 36, 37, 39, 42, 43, 46, 47, 48, 54, 57, 60, 61, 63, 64, 67, 68, 72, 73, 75, 77, 79, 81, 82, 83, 84, 94, 97, 100, 103, 108, 109, 115, 119, 121, 122, 123, 124, 128, 129, 131, 132, 133, 135, 138, 139, 140, 141, 145, 146, 147, 150, 154, 156, 157, 158, 161, 162, 163, 164, 165, 170, 171, 177, 180, 181, 182, 187, 189, 190, 193, 198, 200]
x_107: [1, 3, 6, 9, 11, 15, 18, 20, 21, 23, 26, 27, 31, 32, 34, 35, 36, 42, 43, 45, 47, 49, 51, 55, 56, 60, 61, 66, 68, 72, 74, 75, 77, 83, 85, 86, 92, 93, 94, 96, 97, 99, 100, 104, 109, 110, 111, 116, 122, 123, 125, 126, 128, 129, 131, 133, 134, 135, 136, 139, 141, 146, 147, 149, 151, 157, 159, 160, 161, 162, 163, 172, 174, 175, 178, 185, 194, 196, 200]
x_108: [2, 5, 7, 17, 19, 22, 25, 28, 34, 37, 38, 43, 45, 50, 56, 62, 74, 78, 86, 90, 93, 94, 95, 98, 102, 105, 106, 111, 117, 118, 126, 127, 129, 136, 144, 158, 168, 177, 182, 186, 190, 192, 195, 200]
x_109: [5, 7, 16, 22, 26, 28, 33, 37, 40, 41, 44, 45, 54, 55, 58, 63, 65, 80, 82, 86, 90, 91, 93, 106, 107, 117, 124, 125, 136, 143, 147, 158, 164, 166, 168, 173, 176, 177, 178, 179, 182, 190, 192, 197, 199]
x_110: [7, 14, 25, 28, 33, 37, 38, 41, 46, 50, 53, 65, 74, 82, 88, 90, 91, 93, 96, 102, 107, 113, 117, 123, 126, 132, 136, 137, 142, 144, 151, 152, 158, 160, 162, 166, 167, 168, 171, 173, 175, 177, 178, 182, 183, 186, 188, 192]
x_111: [2, 7, 14, 17, 19, 25, 33, 34, 38, 43, 45, 50, 53, 56, 59, 62, 64, 65, 69, 74, 78, 82, 86, 90, 91, 94, 98, 101, 102, 105, 107, 108, 113, 118, 125, 126, 129, 136, 142, 144, 148, 152, 168, 173, 176, 177, 195, 200]
x_112: [4, 5, 12, 14, 16, 21, 26, 29, 38, 44, 50, 53, 64, 65, 81, 82, 85, 86, 91, 95, 98, 100, 101, 113, 116, 117, 126, 127, 136, 137, 143, 144, 152, 163, 167, 170, 172, 177, 179, 182, 183, 186, 190, 192, 195, 199]
x_113: [1, 2, 3, 4, 6, 8, 9, 10, 11, 12, 13, 14, 23, 29, 30, 32, 36, 39, 46, 47, 49, 51, 54, 55, 57, 59, 63, 70, 71, 75, 76, 77, 81, 83, 84, 85, 88, 89, 90, 91, 97, 98, 100, 101, 103, 110, 111, 112, 115, 116, 118, 119, 121, 123, 128, 129, 131, 133, 135, 137, 139, 141, 150, 151, 152, 153, 157, 160, 161, 162, 163, 165, 167, 169, 171, 172, 180, 184, 185, 188, 191, 194, 198, 199]
x_114: [16, 20, 22, 25, 32, 37, 38, 41, 45, 50, 51, 53, 62, 65, 77, 78, 82, 93, 95, 98, 101, 104, 105, 126, 133, 135, 136, 137, 143, 144, 146, 148, 152, 154, 158, 175, 176, 179, 182, 190, 191, 192, 195, 199]
x_115: [5, 6, 10, 14, 16, 19, 27, 39, 41, 42, 44, 50, 62, 69, 74, 78, 82, 83, 86, 91, 93, 99, 101, 105, 106, 113, 117, 125, 126, 127, 137, 142, 144, 148, 149, 152, 166, 167, 169, 173, 175, 177, 178, 179, 183, 186, 196]
x_116: [4, 7, 12, 14, 19, 21, 22, 29, 37, 38, 44, 45, 50, 62, 65, 74, 81, 82, 85, 86, 93, 98, 100, 107, 112, 113, 126, 127, 136, 137, 143, 144, 145, 148, 163, 166, 168, 170, 172, 173, 175, 178, 182, 183, 186, 199]
x_117: [1, 3, 8, 9, 11, 17, 19, 20, 21, 24, 25, 27, 30, 31, 32, 34, 39, 42, 44, 46, 48, 49, 50, 52, 53, 54, 55, 57, 58, 60, 63, 66, 71, 73, 75, 76, 77, 79, 81, 85, 87, 88, 89, 94, 99, 102, 105, 108, 109, 110, 112, 115, 119, 120, 122, 123, 124, 129, 133, 135, 139, 140, 141, 142, 143, 150, 151, 153, 154, 155, 156, 157, 163, 165, 170, 172, 174, 184, 185, 188, 191, 195, 196, 197, 200]
x_118: [2, 7, 14, 16, 17, 22, 25, 28, 33, 34, 41, 43, 44, 45, 53, 56, 62, 69, 78, 82, 86, 90, 94, 95, 101, 105, 108, 111, 113, 125, 127, 129, 136, 142, 144, 145, 166, 168, 173, 176, 178, 190, 192, 200]
x_119: [1, 5, 7, 9, 16, 22, 25, 26, 28, 31, 35, 41, 50, 59, 62, 64, 74, 78, 82, 86, 87, 90, 93, 105, 106, 113, 117, 126, 142, 144, 145, 148, 153, 158, 159, 166, 168, 173, 174, 176, 177, 178, 179, 180, 183, 184, 186, 190, 192, 193, 195]
x_120: [3, 7, 14, 15, 19, 25, 28, 33, 41, 45, 48, 49, 50, 57, 59, 60, 62, 65, 67, 82, 86, 91, 93, 95, 102, 103, 117, 127, 136, 137, 141, 145, 148, 166, 168, 173, 176, 178, 182, 183, 194, 199]
x_121: [5, 7, 8, 11, 16, 19, 25, 28, 37, 44, 52, 62, 64, 68, 74, 78, 82, 89, 90, 93, 95, 97, 98, 102, 105, 106, 113, 126, 127, 128, 138, 140, 144, 148, 152, 167, 168, 175, 178, 179, 182, 183, 186, 195, 198, 199]
x_122: [14, 16, 19, 22, 25, 28, 37, 38, 41, 47, 53, 59, 62, 65, 70, 75, 76, 78, 86, 90, 91, 95, 98, 105, 106, 107, 117, 125, 126, 137, 139, 142, 143, 144, 150, 152, 155, 157, 165, 167, 168, 175, 176, 177, 178, 179, 181, 182, 186, 190]
x_123: [5, 14, 25, 28, 45, 46, 53, 62, 65, 69, 74, 82, 88, 91, 96, 101, 102, 106, 107, 110, 113, 117, 127, 132, 144, 145, 151, 160, 162, 166, 167, 171, 178, 183, 186, 188, 190, 199]
x_124: [5, 7, 14, 16, 22, 26, 33, 38, 40, 41, 44, 45, 50, 53, 54, 55, 58, 62, 63, 64, 65, 69, 74, 78, 80, 82, 95, 98, 101, 102, 106, 109, 117, 126, 136, 142, 144, 145, 147, 152, 158, 164, 166, 167, 168, 173, 179, 186, 190, 192, 195, 197, 199]
x_125: [1, 8, 11, 12, 13, 15, 17, 18, 20, 21, 26, 27, 29, 31, 32, 34, 35, 36, 39, 45, 47, 49, 51, 52, 54, 55, 57, 60, 68, 71, 72, 73, 74, 75, 76, 77, 79, 80, 81, 83, 84, 85, 86, 87, 88, 93, 94, 96, 97, 104, 107, 109, 111, 115, 118, 122, 126, 129, 131, 133, 136, 138, 139, 140, 141, 149, 150, 151, 153, 155, 156, 159, 160, 163, 165, 169, 171, 175, 178, 180, 185, 189, 191, 193, 196, 197]
x_126: [1, 2, 4, 6, 9, 11, 13, 15, 18, 20, 23, 24, 26, 30, 39, 43, 45, 47, 48, 49, 51, 55, 57, 61, 63, 66, 67, 68, 70, 71, 72, 74, 76, 77, 81, 83, 86, 93, 99, 100, 103, 107, 108, 110, 111, 112, 114, 115, 116, 119, 121, 122, 124, 125, 128, 133, 134, 136, 138, 139, 141, 146, 147, 153, 154, 156, 164, 170, 171, 174, 175, 178, 180, 187, 189, 191, 193, 194, 197, 200]
x_127: [1, 4, 5, 9, 11, 13, 15, 18, 21, 23, 24, 28, 30, 33, 40, 48, 51, 54, 55, 58, 60, 62, 63, 65, 68, 69, 70, 71, 72, 76, 79, 80, 81, 85, 87, 104, 108, 112, 115, 116, 118, 120, 121, 123, 129, 130, 134, 135, 139, 141, 146, 147, 151, 155, 156, 162, 164, 165, 166, 169, 174, 179, 183, 186, 187, 191, 193, 196]
x_128: [8, 11, 14, 22, 26, 28, 37, 38, 50, 52, 59, 62, 64, 65, 68, 69, 89, 90, 91, 93, 97, 98, 101, 102, 106, 107, 113, 121, 126, 136, 137, 138, 140, 142, 143, 166, 167, 176, 178, 179, 186, 190, 192, 198, 199]
x_129: [2, 5, 7, 16, 17, 19, 28, 34, 41, 43, 44, 50, 56, 59, 78, 82, 86, 90, 91, 94, 102, 105, 106, 107, 108, 111, 113, 117, 118, 125, 127, 136, 137, 142, 143, 144, 145, 158, 166, 168, 176, 177, 179, 182, 183, 186, 195, 200]
x_130: [5, 7, 14, 16, 18, 22, 23, 24, 25, 26, 30, 36, 38, 62, 65, 69, 71, 73, 74, 78, 86, 91, 95, 101, 127, 134, 136, 137, 142, 144, 145, 152, 168, 175, 176, 179, 182, 183, 185, 186, 187, 190, 195, 199]
x_131: [5, 13, 14, 25, 33, 37, 38, 41, 45, 61, 62, 64, 66, 72, 74, 79, 82, 84, 86, 91, 92, 93, 102, 106, 107, 113, 125, 143, 144, 152, 156, 158, 161, 167, 175, 176, 178, 179, 189, 192, 199]
x_132: [5, 14, 19, 22, 25, 26, 37, 38, 41, 44, 45, 46, 50, 59, 62, 64, 78, 82, 88, 91, 93, 95, 96, 98, 101, 102, 105, 106, 110, 123, 136, 142, 148, 151, 152, 158, 160, 162, 166, 167, 168, 171, 173, 176, 178, 179, 183, 186, 188, 190, 192, 199]
x_133: [7, 14, 16, 19, 20, 22, 26, 28, 32, 38, 41, 45, 50, 51, 53, 64, 77, 78, 86, 90, 91, 98, 102, 104, 105, 106, 107, 113, 114, 117, 125, 126, 135, 136, 142, 143, 144, 145, 146, 148, 152, 154, 158, 167, 168, 175, 176, 179, 186, 190, 191, 195, 199]
x_134: [5, 7, 14, 16, 18, 19, 22, 23, 24, 26, 28, 30, 36, 37, 38, 44, 45, 50, 53, 62, 65, 69, 71, 73, 74, 78, 82, 86, 91, 101, 102, 105, 107, 126, 127, 130, 137, 144, 145, 148, 166, 167, 168, 176, 178, 182, 185, 187, 190]
x_135: [7, 14, 16, 20, 22, 25, 26, 32, 33, 38, 41, 50, 51, 53, 64, 69, 74, 77, 78, 82, 86, 90, 91, 93, 98, 102, 104, 105, 106, 107, 113, 114, 117, 127, 133, 143, 144, 145, 146, 148, 154, 166, 167, 168, 173, 175, 177, 190, 191, 192, 195]
x_136: [1, 3, 4, 6, 8, 9, 11, 13, 18, 21, 23, 26, 30, 35, 36, 39, 40, 43, 45, 47, 48, 49, 51, 54, 55, 57, 58, 63, 68, 70, 72, 74, 76, 77, 79, 80, 81, 83, 86, 87, 93, 94, 97, 103, 107, 108, 109, 110, 111, 112, 114, 116, 118, 120, 124, 125, 126, 128, 129, 130, 132, 133, 138, 139, 140, 146, 147, 149, 150, 151, 153, 155, 156, 159, 160, 162, 163, 165, 169, 170, 171, 172, 175, 178, 181, 187, 188, 189, 191, 193, 196, 197]
x_137: [1, 3, 8, 9, 10, 13, 14, 15, 18, 20, 23, 27, 30, 34, 35, 36, 39, 46, 47, 48, 51, 52, 54, 55, 57, 58, 59, 67, 68, 72, 73, 75, 76, 77, 79, 80, 81, 83, 84, 85, 87, 89, 90, 91, 92, 94, 97, 98, 99, 101, 110, 112, 113, 114, 115, 116, 120, 122, 128, 129, 130, 134, 138, 139, 140, 141, 146, 149, 152, 153, 154, 157, 159, 160, 164, 167, 169, 170, 171, 174, 180, 187, 188, 193, 194, 196, 197, 198, 199, 200]
x_138: [5, 8, 11, 19, 25, 26, 33, 37, 52, 59, 64, 68, 69, 74, 78, 89, 90, 91, 93, 95, 97, 102, 105, 106, 121, 125, 126, 128, 136, 137, 140, 142, 144, 145, 152, 158, 167, 168, 173, 176, 190, 192, 198]
x_139: [7, 14, 19, 22, 25, 26, 28, 33, 37, 41, 45, 47, 50, 53, 59, 65, 70, 75, 76, 78, 86, 93, 95, 98, 101, 102, 106, 107, 113, 117, 122, 125, 126, 127, 136, 137, 144, 148, 150, 152, 155, 157, 158, 165, 166, 167, 168, 173, 178, 181, 182, 186, 192, 195]
x_140: [7, 8, 11, 14, 19, 25, 33, 44, 52, 53, 64, 68, 74, 78, 82, 86, 89, 90, 91, 95, 97, 106, 117, 121, 125, 128, 136, 137, 138, 143, 148, 158, 167, 173, 175, 176, 177, 182, 186, 190, 192, 195, 198, 199]
x_141: [3, 7, 15, 19, 26, 28, 33, 38, 44, 48, 49, 53, 57, 59, 60, 62, 65, 67, 74, 86, 95, 102, 103, 105, 106, 107, 113, 117, 120, 125, 126, 127, 137, 142, 144, 145, 152, 158, 166, 167, 168, 173, 177, 178, 179, 182, 186, 190, 192, 194, 195, 199]
x_142: [1, 2, 3, 4, 6, 9, 11, 12, 13, 15, 18, 19, 21, 23, 25, 30, 32, 40, 44, 48, 50, 52, 53, 54, 58, 60, 61, 67, 70, 71, 73, 77, 79, 80, 81, 84, 85, 87, 88, 89, 92, 99, 100, 102, 103, 105, 110, 111, 115, 117, 118, 119, 122, 124, 128, 129, 130, 132, 133, 138, 141, 143, 146, 147, 149, 150, 151, 154, 157, 164, 171, 174, 180, 181, 185, 187, 188, 193, 194, 195, 197, 198]
x_143: [1, 3, 4, 6, 9, 10, 11, 12, 18, 19, 20, 21, 23, 24, 25, 27, 31, 32, 34, 35, 36, 39, 43, 44, 49, 50, 51, 52, 53, 55, 56, 57, 58, 61, 67, 68, 70, 72, 75, 79, 83, 85, 87, 88, 89, 96, 97, 100, 102, 104, 105, 109, 112, 114, 116, 117, 122, 128, 129, 131, 133, 135, 140, 142, 146, 150, 153, 154, 155, 157, 162, 163, 164, 165, 169, 172, 180, 181, 184, 185, 187, 188, 191, 193, 194, 195, 197, 200]
x_144: [1, 2, 4, 6, 7, 8, 9, 10, 12, 17, 18, 23, 31, 32, 34, 35, 36, 38, 39, 40, 41, 42, 47, 54, 57, 58, 60, 61, 63, 66, 68, 71, 72, 78, 79, 80, 84, 87, 89, 92, 94, 95, 97, 99, 104, 108, 110, 111, 112, 114, 115, 116, 118, 119, 121, 122, 123, 124, 129, 130, 131, 133, 134, 135, 138, 139, 141, 147, 148, 151, 154, 155, 156, 157, 160, 163, 164, 165, 168, 170, 171, 172, 173, 174, 176, 180, 181, 184, 185, 187, 188, 189, 191, 192, 194, 197]
x_145: [1, 3, 4, 6, 8, 9, 11, 13, 16, 17, 18, 21, 22, 27, 29, 31, 32, 34, 35, 37, 40, 47, 48, 49, 51, 54, 55, 57, 60, 63, 64, 66, 67, 70, 71, 75, 77, 82, 84, 85, 87, 88, 99, 100, 106, 116, 118, 119, 120, 123, 124, 129, 130, 133, 134, 135, 138, 141, 149, 150, 153, 154, 158, 162, 170, 174, 177, 180, 181, 182, 188, 189, 190, 191, 194, 196, 198, 200]
x_146: [7, 14, 16, 19, 20, 22, 25, 26, 32, 33, 41, 45, 50, 51, 53, 59, 62, 64, 65, 77, 78, 90, 93, 98, 101, 104, 106, 107, 114, 126, 127, 133, 135, 136, 137, 142, 143, 154, 177, 191, 195]
x_147: [5, 7, 22, 33, 37, 38, 40, 41, 45, 50, 53, 54, 55, 58, 62, 63, 65, 80, 90, 91, 93, 102, 105, 106, 107, 109, 124, 126, 127, 136, 142, 144, 158, 164, 166, 167, 168, 173, 175, 176, 177, 182, 186, 190, 192, 195, 197]
x_148: [3, 7, 10, 11, 18, 20, 21, 27, 29, 31, 32, 34, 36, 38, 40, 41, 43, 48, 54, 55, 57, 61, 66, 67, 68, 73, 78, 80, 81, 83, 84, 85, 88, 89, 92, 94, 95, 100, 104, 111, 114, 115, 116, 119, 120, 121, 132, 133, 134, 135, 139, 140, 144, 149, 150, 155, 159, 162, 165, 168, 169, 171, 172, 173, 176, 180, 187, 188, 189, 191, 192, 194, 200]
x_149: [5, 6, 7, 10, 16, 19, 22, 25, 27, 28, 38, 39, 41, 42, 44, 45, 50, 62, 64, 69, 78, 82, 83, 90, 93, 99, 101, 102, 107, 115, 125, 136, 137, 142, 145, 148, 158, 167, 168, 169, 173, 176, 177, 183, 186, 195, 196]
x_150: [7, 14, 16, 19, 22, 26, 28, 33, 41, 44, 45, 47, 50, 53, 59, 62, 64, 65, 69, 70, 74, 75, 76, 82, 90, 95, 101, 106, 113, 117, 122, 125, 136, 139, 142, 143, 145, 148, 152, 155, 157, 165, 173, 176, 177, 178, 181, 182, 183, 186, 195, 199]
x_151: [5, 16, 26, 28, 37, 44, 45, 46, 50, 53, 59, 65, 74, 78, 88, 93, 96, 101, 102, 107, 110, 113, 117, 123, 125, 127, 132, 136, 142, 144, 158, 160, 162, 168, 171, 173, 176, 177, 186, 188, 190, 192, 195, 199]
x_152: [1, 3, 8, 9, 10, 12, 13, 14, 15, 17, 18, 20, 21, 23, 24, 29, 31, 34, 35, 39, 42, 43, 46, 48, 51, 58, 59, 61, 66, 67, 68, 71, 72, 73, 75, 77, 79, 80, 81, 83, 87, 89, 90, 91, 96, 98, 99, 100, 101, 103, 110, 111, 112, 113, 114, 115, 121, 122, 124, 130, 131, 132, 133, 137, 138, 139, 141, 150, 153, 155, 160, 161, 162, 163, 164, 165, 167, 170, 172, 174, 181, 184, 185, 187, 188, 189, 197, 198, 199]
x_153: [1, 5, 9, 19, 22, 25, 26, 31, 35, 38, 41, 44, 45, 53, 65, 69, 82, 87, 93, 95, 101, 105, 113, 117, 119, 125, 126, 136, 137, 143, 145, 152, 158, 159, 166, 167, 173, 174, 176, 177, 179, 180, 182, 183, 184, 186, 190, 192, 193, 195, 199]
x_154: [16, 19, 20, 25, 32, 33, 37, 41, 50, 51, 53, 64, 65, 77, 78, 90, 91, 93, 95, 101, 102, 104, 106, 114, 117, 126, 133, 135, 137, 142, 143, 144, 145, 146, 168, 175, 178, 179, 190, 191, 195, 199]
x_155: [5, 14, 26, 41, 45, 47, 50, 62, 64, 69, 70, 75, 76, 78, 82, 90, 93, 95, 117, 122, 125, 127, 136, 139, 143, 144, 148, 150, 152, 157, 158, 165, 166, 167, 168, 173, 176, 178, 179, 181, 182, 186, 192, 195, 199]
x_156: [7, 13, 22, 25, 33, 37, 38, 44, 53, 61, 62, 64, 65, 66, 69, 72, 74, 78, 79, 84, 86, 90, 92, 93, 98, 101, 105, 106, 117, 125, 126, 127, 131, 136, 144, 158, 161, 166, 167, 168, 175, 176, 179, 182, 183, 186, 189, 192, 199]
x_157: [5, 7, 14, 16, 19, 25, 28, 33, 37, 38, 41, 44, 45, 47, 50, 59, 62, 65, 70, 74, 75, 76, 78, 91, 93, 95, 98, 101, 102, 105, 106, 107, 113, 117, 122, 137, 139, 142, 143, 144, 150, 155, 158, 165, 166, 175, 178, 181, 182, 183, 199]
x_158: [1, 2, 4, 6, 10, 15, 16, 17, 20, 21, 22, 23, 30, 31, 35, 37, 39, 40, 42, 46, 47, 49, 52, 54, 55, 56, 58, 60, 61, 64, 66, 67, 70, 71, 72, 77, 80, 82, 83, 85, 87, 88, 92, 94, 96, 97, 106, 108, 109, 110, 114, 119, 124, 129, 131, 132, 133, 138, 139, 140, 141, 145, 147, 149, 151, 153, 155, 156, 157, 159, 160, 162, 169, 170, 171, 174, 177, 181, 182, 184, 188, 189, 190, 191, 196, 197, 198, 200]
x_159: [1, 5, 7, 9, 14, 16, 19, 25, 26, 28, 31, 35, 37, 44, 45, 50, 59, 62, 69, 74, 82, 87, 93, 95, 98, 101, 102, 105, 107, 119, 125, 136, 137, 148, 153, 158, 167, 168, 173, 174, 175, 176, 177, 180, 182, 184, 190, 192, 193, 195]
x_160: [7, 14, 16, 22, 25, 33, 37, 41, 44, 46, 62, 65, 74, 78, 82, 86, 88, 90, 91, 93, 96, 98, 101, 102, 105, 107, 110, 113, 123, 125, 132, 136, 137, 144, 151, 152, 158, 162, 166, 167, 171, 173, 176, 178, 179, 183, 188, 190, 195, 199]
x_161: [5, 7, 13, 14, 22, 25, 26, 28, 33, 38, 41, 45, 50, 59, 61, 62, 66, 69, 72, 74, 79, 84, 86, 90, 91, 92, 93, 105, 106, 107, 113, 131, 152, 156, 167, 175, 176, 178, 179, 183, 186, 189, 190, 192, 195]
x_162: [5, 7, 14, 19, 22, 28, 33, 38, 44, 45, 46, 59, 64, 65, 69, 74, 82, 86, 88, 93, 96, 101, 102, 105, 106, 107, 110, 113, 123, 127, 132, 136, 143, 145, 148, 151, 152, 158, 160, 166, 167, 171, 173, 177, 182, 188, 190, 195]
x_163: [4, 7, 12, 14, 16, 19, 21, 25, 29, 38, 41, 50, 53, 59, 64, 74, 81, 82, 85, 86, 90, 93, 100, 106, 107, 112, 113, 116, 117, 125, 136, 143, 144, 152, 166, 167, 168, 170, 172, 175, 176, 186, 190, 199]
x_164: [5, 7, 19, 25, 28, 33, 38, 40, 41, 45, 54, 55, 58, 63, 64, 65, 78, 80, 82, 86, 90, 91, 98, 101, 102, 105, 106, 109, 124, 126, 127, 137, 142, 143, 144, 147, 152, 166, 167, 168, 173, 176, 177, 178, 183, 186, 190, 195, 197]
x_165: [14, 16, 25, 33, 37, 38, 41, 44, 47, 50, 59, 62, 64, 65, 70, 74, 75, 76, 82, 86, 95, 98, 102, 105, 106, 113, 117, 122, 125, 127, 136, 139, 143, 144, 148, 150, 152, 155, 157, 167, 175, 176, 177, 178, 181, 183, 186, 190, 192, 199]
x_166: [1, 2, 3, 5, 6, 8, 9, 10, 17, 21, 23, 24, 28, 29, 30, 32, 33, 35, 36, 42, 43, 46, 47, 48, 49, 51, 52, 55, 57, 60, 62, 65, 66, 67, 68, 69, 70, 71, 73, 75, 76, 77, 79, 83, 84, 85, 89, 92, 96, 99, 100, 103, 104, 109, 110, 115, 116, 118, 119, 120, 123, 124, 127, 128, 129, 132, 134, 135, 139, 141, 147, 153, 155, 156, 157, 160, 162, 163, 164, 172, 174, 179, 180, 183, 186, 187, 188, 189, 193, 194, 196, 198, 200]
x_167: [1, 4, 6, 10, 11, 13, 14, 20, 23, 27, 30, 32, 35, 36, 42, 47, 54, 56, 57, 59, 60, 63, 70, 73, 75, 76, 79, 80, 84, 85, 87, 88, 90, 91, 92, 96, 97, 98, 99, 100, 101, 103, 110, 112, 113, 115, 121, 122, 123, 124, 128, 131, 132, 133, 134, 135, 137, 138, 139, 140, 141, 147, 149, 152, 153, 155, 156, 159, 160, 161, 162, 163, 164, 165, 170, 172, 174, 181, 184, 187, 188, 194, 196, 198, 199]
x_168: [1, 2, 4, 7, 10, 11, 12, 17, 20, 23, 24, 29, 30, 34, 35, 36, 38, 39, 40, 41, 42, 43, 46, 47, 48, 51, 52, 55, 58, 60, 63, 66, 73, 75, 77, 78, 79, 81, 85, 89, 95, 103, 104, 108, 109, 110, 111, 116, 118, 119, 120, 121, 122, 124, 129, 130, 132, 133, 134, 135, 138, 139, 141, 144, 147, 148, 149, 151, 154, 155, 156, 159, 163, 164, 169, 170, 171, 173, 176, 181, 184, 185, 187, 189, 191, 192, 193, 197, 198, 200]
x_169: [6, 7, 10, 14, 16, 19, 25, 26, 27, 37, 38, 39, 41, 42, 44, 59, 64, 65, 74, 78, 82, 83, 90, 91, 93, 95, 98, 99, 101, 102, 113, 115, 125, 127, 136, 137, 143, 148, 149, 158, 168, 173, 175, 176, 178, 183, 186, 195, 196, 199]
x_170: [4, 5, 7, 12, 16, 19, 21, 26, 29, 33, 37, 41, 44, 45, 50, 53, 59, 62, 64, 65, 69, 74, 78, 81, 85, 90, 91, 95, 98, 100, 101, 105, 106, 112, 116, 117, 126, 136, 137, 144, 145, 152, 158, 163, 167, 168, 172, 173, 179, 192, 195]
x_171: [5, 16, 19, 26, 28, 37, 44, 45, 46, 53, 62, 64, 65, 78, 82, 88, 90, 93, 95, 96, 98, 101, 106, 110, 113, 123, 125, 126, 132, 136, 137, 142, 144, 148, 151, 158, 160, 162, 168, 175, 176, 177, 179, 182, 183, 188, 190, 192, 195, 199]
x_172: [4, 7, 12, 16, 19, 21, 22, 25, 26, 28, 29, 33, 41, 44, 45, 59, 62, 74, 78, 81, 82, 85, 93, 98, 100, 101, 102, 105, 107, 112, 113, 116, 117, 136, 143, 144, 148, 152, 163, 166, 167, 170, 175, 176, 178, 179, 183, 186, 190, 192, 195]
x_173: [2, 4, 6, 7, 8, 9, 10, 12, 15, 17, 18, 20, 24, 27, 29, 30, 31, 34, 35, 38, 39, 41, 43, 46, 47, 51, 52, 54, 55, 56, 58, 60, 61, 66, 70, 71, 75, 76, 77, 78, 84, 85, 88, 89, 95, 100, 104, 109, 110, 111, 115, 116, 118, 119, 120, 124, 132, 135, 138, 139, 140, 141, 144, 147, 148, 149, 150, 151, 153, 155, 159, 160, 162, 164, 168, 169, 170, 174, 176, 184, 185, 187, 192, 193, 197, 198]
x_174: [1, 9, 14, 16, 22, 25, 28, 31, 35, 37, 38, 41, 44, 50, 62, 65, 69, 74, 87, 95, 101, 102, 105, 107, 117, 119, 126, 127, 137, 142, 144, 145, 152, 153, 158, 159, 166, 167, 173, 179, 180, 184, 186, 193, 199]
x_175: [2, 4, 15, 17, 20, 24, 26, 27, 29, 36, 39, 40, 45, 47, 48, 49, 51, 54, 55, 56, 63, 68, 70, 71, 72, 73, 74, 75, 76, 79, 80, 81, 83, 85, 86, 89, 93, 97, 99, 100, 103, 104, 107, 110, 114, 115, 116, 121, 122, 125, 126, 130, 131, 133, 135, 136, 140, 147, 154, 156, 157, 159, 161, 163, 165, 169, 171, 172, 178, 180, 185, 188, 189, 191, 194, 196, 198, 200]
x_176: [1, 7, 8, 9, 11, 15, 18, 32, 34, 38, 40, 41, 42, 47, 48, 49, 55, 56, 70, 71, 75, 77, 78, 79, 81, 83, 84, 85, 87, 89, 95, 96, 103, 104, 109, 111, 114, 118, 119, 120, 122, 128, 129, 130, 131, 132, 133, 134, 138, 140, 144, 147, 148, 149, 150, 151, 153, 155, 156, 159, 160, 161, 163, 164, 165, 168, 169, 171, 172, 173, 180, 181, 184, 188, 189, 191, 192, 194, 196, 198]
x_177: [4, 8, 12, 16, 22, 24, 29, 30, 32, 34, 37, 39, 40, 43, 48, 49, 51, 56, 60, 63, 64, 66, 67, 68, 70, 71, 73, 76, 77, 79, 81, 82, 84, 85, 87, 88, 96, 97, 100, 103, 104, 106, 108, 109, 110, 111, 112, 115, 119, 122, 129, 135, 140, 141, 145, 146, 147, 149, 150, 151, 153, 158, 159, 162, 164, 165, 171, 180, 182, 184, 187, 188, 190, 194]
x_178: [1, 9, 10, 13, 17, 21, 23, 24, 26, 27, 31, 32, 39, 40, 43, 45, 48, 49, 52, 55, 57, 58, 60, 63, 66, 67, 70, 74, 75, 80, 83, 85, 86, 87, 89, 93, 96, 97, 99, 107, 109, 110, 115, 116, 118, 119, 120, 121, 122, 123, 125, 126, 128, 131, 132, 134, 136, 139, 141, 150, 154, 155, 157, 160, 161, 164, 165, 169, 172, 175, 180, 181, 185, 189, 197, 198, 200]
x_179: [2, 3, 5, 8, 9, 10, 12, 17, 20, 21, 28, 29, 30, 32, 33, 34, 40, 43, 47, 48, 49, 52, 55, 56, 57, 60, 62, 65, 67, 69, 72, 73, 76, 77, 79, 80, 84, 85, 87, 88, 92, 94, 96, 97, 100, 103, 104, 109, 112, 114, 115, 119, 121, 122, 124, 127, 128, 129, 130, 131, 132, 133, 141, 153, 154, 155, 156, 160, 161, 166, 170, 171, 172, 174, 181, 183, 185, 186, 187, 188, 189, 191, 193, 194, 196, 197, 198]
x_180: [1, 7, 9, 14, 16, 19, 22, 31, 33, 35, 38, 45, 50, 59, 62, 64, 65, 69, 78, 82, 86, 87, 90, 95, 98, 102, 105, 106, 113, 119, 125, 126, 137, 142, 143, 144, 145, 148, 153, 159, 166, 174, 175, 176, 177, 178, 182, 183, 184, 190, 193, 195]
x_181: [7, 25, 26, 28, 33, 37, 38, 44, 45, 47, 59, 62, 70, 75, 76, 86, 91, 95, 98, 105, 106, 122, 136, 139, 142, 143, 144, 145, 150, 152, 155, 157, 158, 165, 167, 168, 176, 178, 179, 182, 183, 190, 195, 199]
x_182: [1, 3, 4, 6, 8, 9, 11, 12, 15, 16, 20, 21, 22, 23, 24, 27, 29, 30, 35, 37, 39, 40, 42, 47, 48, 49, 58, 60, 64, 66, 67, 70, 72, 73, 76, 77, 79, 80, 81, 82, 84, 88, 89, 92, 96, 97, 99, 100, 103, 106, 108, 109, 110, 112, 114, 116, 120, 121, 122, 129, 130, 134, 139, 140, 141, 145, 147, 150, 153, 155, 156, 157, 158, 159, 162, 171, 177, 180, 181, 185, 187, 188, 190, 191, 193, 194, 196, 197, 198]
x_183: [1, 4, 5, 6, 8, 9, 10, 12, 17, 21, 23, 24, 27, 28, 30, 32, 33, 34, 36, 39, 40, 42, 47, 48, 51, 54, 55, 56, 60, 62, 65, 69, 71, 73, 79, 83, 84, 87, 96, 97, 99, 100, 104, 110, 112, 115, 116, 119, 120, 121, 123, 127, 129, 130, 132, 149, 150, 153, 156, 157, 160, 161, 164, 165, 166, 169, 171, 172, 179, 180, 181, 185, 186, 187, 189, 191, 193, 194, 196, 197, 200]
x_184: [1, 5, 9, 16, 25, 26, 28, 31, 35, 37, 38, 62, 69, 82, 87, 90, 91, 105, 113, 117, 119, 143, 144, 152, 153, 158, 159, 167, 168, 173, 174, 176, 177, 180, 186, 192, 193, 195, 199]
x_185: [7, 14, 18, 22, 23, 24, 26, 28, 30, 33, 36, 37, 50, 53, 62, 64, 69, 71, 73, 74, 86, 90, 91, 102, 105, 107, 113, 117, 125, 130, 134, 142, 143, 144, 152, 168, 173, 175, 178, 179, 182, 183, 186, 187, 190, 195, 199]
x_186: [4, 5, 6, 9, 12, 13, 17, 18, 23, 27, 28, 29, 30, 32, 33, 34, 35, 39, 40, 43, 48, 49, 51, 52, 54, 55, 57, 60, 62, 63, 65, 66, 69, 70, 72, 75, 76, 81, 83, 84, 88, 89, 92, 94, 97, 100, 103, 108, 110, 112, 115, 116, 119, 121, 122, 123, 124, 127, 128, 129, 130, 132, 133, 139, 140, 141, 147, 149, 150, 151, 153, 155, 156, 161, 163, 164, 165, 166, 169, 172, 174, 179, 183, 184, 185, 187, 189, 194, 196, 197, 200]
x_187: [5, 7, 18, 19, 22, 23, 24, 25, 26, 28, 30, 36, 38, 44, 45, 50, 53, 59, 62, 64, 65, 69, 71, 73, 74, 78, 98, 101, 102, 106, 126, 127, 130, 134, 136, 137, 142, 143, 144, 148, 152, 166, 167, 168, 173, 177, 179, 182, 183, 185, 186, 190, 195, 199]
x_188: [16, 25, 26, 28, 33, 37, 38, 41, 44, 45, 46, 59, 65, 74, 78, 86, 88, 91, 95, 96, 98, 101, 102, 105, 110, 113, 117, 123, 132, 136, 137, 142, 143, 144, 145, 148, 151, 152, 158, 160, 162, 166, 167, 171, 175, 176, 177, 179, 182, 195]
x_189: [5, 13, 16, 22, 25, 26, 28, 33, 37, 41, 44, 53, 59, 61, 64, 66, 72, 74, 78, 79, 84, 92, 93, 98, 101, 102, 106, 125, 126, 131, 136, 144, 145, 148, 152, 156, 158, 161, 166, 168, 175, 176, 178, 179, 183, 186, 199]
x_190: [1, 3, 4, 6, 8, 9, 11, 12, 15, 16, 21, 22, 23, 24, 27, 29, 34, 35, 37, 39, 42, 43, 46, 57, 58, 61, 63, 64, 67, 71, 75, 79, 80, 81, 82, 83, 85, 88, 92, 94, 96, 99, 103, 104, 106, 108, 109, 112, 114, 118, 119, 122, 123, 124, 128, 130, 132, 133, 134, 135, 138, 140, 141, 145, 147, 151, 153, 154, 158, 159, 160, 161, 162, 163, 164, 165, 171, 172, 177, 180, 181, 182, 185, 187, 193, 194, 196, 198]
x_191: [5, 7, 16, 19, 20, 22, 25, 28, 32, 33, 37, 38, 41, 45, 50, 51, 64, 65, 69, 74, 77, 78, 82, 95, 101, 102, 104, 105, 113, 114, 117, 125, 126, 127, 133, 135, 136, 143, 144, 145, 146, 148, 154, 158, 168, 175, 176, 179, 182, 183, 192, 195]
x_192: [1, 2, 7, 8, 10, 17, 18, 21, 24, 29, 30, 31, 34, 35, 38, 39, 41, 42, 43, 47, 48, 54, 55, 57, 58, 60, 61, 63, 73, 75, 78, 81, 83, 87, 89, 92, 95, 97, 99, 100, 103, 108, 109, 110, 112, 114, 118, 119, 124, 128, 131, 132, 135, 138, 139, 140, 141, 144, 147, 148, 151, 153, 155, 156, 159, 161, 165, 168, 170, 171, 172, 173, 176, 184, 191, 193, 196, 200]
x_193: [1, 9, 14, 22, 26, 31, 33, 35, 37, 44, 45, 50, 59, 62, 64, 65, 74, 86, 87, 91, 93, 95, 98, 101, 105, 106, 119, 125, 126, 127, 136, 137, 142, 143, 153, 159, 166, 168, 173, 174, 179, 180, 182, 183, 184, 190, 192, 195]
x_194: [3, 7, 15, 19, 25, 28, 33, 38, 44, 48, 49, 50, 57, 60, 65, 67, 69, 74, 86, 93, 95, 98, 101, 103, 105, 107, 113, 120, 126, 137, 141, 142, 143, 144, 145, 148, 166, 167, 175, 176, 177, 179, 182, 183, 186, 190]
x_195: [1, 4, 6, 8, 15, 17, 18, 19, 20, 21, 23, 24, 25, 27, 29, 31, 35, 40, 43, 44, 49, 50, 52, 53, 55, 57, 61, 66, 68, 71, 72, 73, 75, 79, 80, 81, 83, 85, 87, 88, 89, 92, 94, 99, 102, 104, 105, 108, 111, 112, 114, 117, 119, 121, 124, 129, 130, 133, 135, 139, 140, 141, 142, 143, 146, 147, 149, 150, 151, 153, 154, 155, 159, 160, 161, 162, 164, 169, 170, 171, 172, 180, 181, 184, 185, 187, 188, 191, 193, 200]
x_196: [6, 10, 16, 19, 22, 25, 26, 27, 33, 38, 39, 42, 44, 45, 50, 59, 62, 64, 65, 69, 74, 83, 93, 95, 99, 102, 107, 115, 117, 125, 127, 136, 137, 145, 149, 158, 166, 167, 169, 175, 176, 179, 182, 183, 186, 190, 192]
x_197: [7, 16, 22, 26, 28, 37, 38, 40, 41, 44, 50, 53, 54, 55, 58, 59, 63, 65, 69, 78, 80, 86, 91, 95, 105, 109, 117, 124, 125, 126, 136, 137, 142, 143, 144, 147, 152, 158, 164, 168, 173, 178, 179, 182, 183, 186]
x_198: [8, 11, 14, 19, 33, 37, 38, 41, 44, 50, 52, 53, 59, 62, 65, 68, 74, 82, 86, 89, 90, 93, 97, 98, 101, 102, 105, 106, 113, 121, 128, 137, 138, 140, 142, 145, 152, 158, 166, 167, 168, 173, 175, 176, 178, 179, 182, 190]
x_199: [1, 2, 3, 8, 11, 12, 14, 17, 20, 21, 24, 27, 29, 31, 32, 34, 39, 40, 42, 43, 46, 48, 52, 54, 55, 59, 60, 67, 71, 72, 73, 75, 76, 77, 79, 81, 84, 85, 87, 90, 91, 96, 98, 99, 101, 103, 104, 109, 112, 113, 114, 116, 120, 121, 123, 124, 128, 130, 131, 132, 133, 137, 140, 141, 150, 151, 152, 153, 154, 155, 156, 157, 160, 163, 165, 167, 169, 171, 174, 181, 184, 185, 187, 189, 200]
x_200: [2, 5, 17, 22, 34, 37, 38, 43, 53, 56, 62, 65, 74, 86, 90, 91, 94, 95, 98, 105, 106, 107, 108, 111, 117, 118, 126, 129, 137, 143, 145, 148, 158, 166, 168, 175, 178, 183, 186, 192, 195, 199]