200
1 1 1 1 1 1 1 1 1 1 1 1 1 1 1 1 1 1 1 1 1 1 1 1 1 1 1 1 1 1 1 1 1 1 1 1 1 1 1 1 1 1 1 1 1 1 1 1 1 1 1 1 1 1 1 1 1 1 1 1 1 1 1 1 1 1 1 1 1 1 1 1 1 1 1 1 1 1 1 1 1 1 1 1 1 1 1 1 1 1 1 1 1 1 1 1 1 1 1 1 1 1 1 1 1 1 1 1 1 1 1 1 1 1 1 1 1 1 1 1 1 1 1 1 1 1 1 1 1 1 1 1 1 1 1 1 1 1 1 1 1 1 1 1 1 1 1 1 1 1 1 1 1 1 1 1 1 1 1 1 1 1 1 1 1 1 1 1 1 1 1 1 1 1 1 1 1 1 1 1 1 1 1 1 1 1 1 1 1 1 1 1 1 1 1 1 1 1 1 1
x_1: [3, 13, 37, 81, 88, 96, 102, 103, 111, 112, 115, 117, 122, 126, 132, 150, 152, 157, 166, 180]
x_2: [13, 25, 29, 37, 46, 57, 83, 84, 97, 115, 123, 132, 139, 166, 174, 180, 199]
x_3: [1, 9, 15, 16, 17, 38, 48, 61, 81, 115, 117, 138, 167, 174, 180, 184, 193, 195]
x_4: [22, 27, 39, 40, 53, 55, 62, 80, 85, 92, 99, 123, 125, 134, 136, 161, 165, 172, 176, 182, 189, 191, 198]
x_5: [9, 29, 36, 37, 44, 84, 87, 103, 116, 150, 180, 184, 197]
x_6: [11, 15, 16, 44, 48, 52, 53, 61, 81, 102, 108, 138, 140, 147, 150, 157, 167, 187, 193, 197]
x_7: [17, 29, 42, 44, 49, 52, 73, 75, 79, 101, 115, 118, 126, 127, 150]
x_8: [36, 37, 42, 73, 79, 96, 112, 115, 118, 124, 126, 132, 133, 150, 154, 180, 184, 197, 199]
x_9: [3, 5, 30, 31, 32, 77, 79, 119, 128, 140, 148, 155, 159, 160, 163, 164, 170, 171, 172, 189, 190]
x_10: [11, 15, 16, 33, 37, 42, 43, 69, 96, 101, 110, 112, 114, 115, 125, 153, 154, 162, 167, 184, 187, 195, 200]
x_11: [6, 10, 14, 17, 18, 30, 31, 41, 63, 82, 85, 86, 95, 97, 100, 106, 113, 117, 133, 134, 148, 175, 181]
x_12: [23, 25, 26, 31, 58, 68, 87, 94, 106, 109, 117, 127, 134, 143, 144, 150, 163, 170, 176, 188, 193]
x_13: [1, 2, 20, 26, 32, 45, 47, 54, 62, 64, 89, 91, 92, 100, 104, 112, 121, 131, 140, 151, 173, 183, 195, 198]
x_14: [11, 16, 29, 33, 52, 61, 71, 85, 125, 162, 167, 169, 183]
x_15: [3, 6, 10, 18, 19, 41, 51, 58, 59, 67, 86, 90, 91, 101, 124, 127, 128, 133, 134, 135, 141, 152, 177, 178, 191, 196]
x_16: [3, 6, 10, 14, 19, 41, 50, 63, 64, 76, 83, 87, 89, 90, 91, 95, 106, 117, 130, 131, 133, 137, 141, 156, 157, 181, 191, 197]
x_17: [3, 7, 11, 19, 22, 30, 34, 40, 45, 53, 60, 78, 80, 87, 97, 106, 113, 114, 151, 159, 160, 171]
x_18: [11, 15, 21, 24, 41, 94, 102, 125, 146, 157, 158, 186, 193]
x_19: [15, 16, 17, 21, 67, 92, 111, 115, 123, 150, 153, 180, 184]
x_20: [13, 48, 56, 61, 79, 105, 122, 146, 147, 158, 187, 199, 200]
x_21: [18, 19, 25, 34, 35, 47, 49, 59, 74, 75, 83, 86, 87, 89, 90, 91, 98, 99, 114, 115, 116, 127, 128, 129, 130, 133, 134, 137, 140, 144, 161, 177, 182, 190, 192]
x_22: [4, 17, 36, 46, 49, 52, 79, 97, 99, 103, 105, 115, 132, 139, 144, 149, 169, 199]
x_23: [12, 29, 37, 46, 52, 79, 81, 84, 95, 118, 126, 132, 138, 139, 150, 166, 174, 181, 199]
x_24: [18, 30, 47, 55, 64, 67, 72, 78, 84, 89, 99, 106, 107, 116, 117, 131, 133, 144, 145, 148, 154, 161, 178, 185, 191]
x_25: [2, 12, 21, 29, 48, 61, 79, 83, 101, 105, 111, 125, 126, 132, 162, 164, 174, 179]
x_26: [12, 13, 29, 36, 37, 42, 49, 64, 70, 79, 84, 97, 101, 105, 118, 126, 150, 153, 157, 169, 184, 194]
x_27: [4, 44, 46, 50, 57, 58, 88, 115, 122, 139, 149, 154, 174]
x_28: [37, 60, 79, 147, 174, 187, 193, 195]
x_29: [2, 5, 7, 14, 23, 25, 26, 30, 32, 35, 39, 40, 55, 58, 60, 62, 68, 92, 93, 99, 113, 143, 148, 151, 155, 160, 161, 175, 176, 184, 186, 191]
x_30: [9, 11, 17, 24, 29, 43, 46, 48, 57, 79, 103, 105, 108, 110, 115, 125, 146, 164, 166, 167, 176, 180]
x_31: [9, 11, 12, 46, 57, 59, 61, 81, 101, 108, 110, 153, 167, 172, 179, 194]
x_32: [9, 13, 29, 46, 88, 102, 112, 118, 131, 138, 139, 150, 152, 166, 169, 177, 184, 194]
x_33: [10, 14, 34, 45, 47, 55, 58, 59, 63, 67, 75, 85, 87, 90, 91, 98, 100, 118, 133, 144, 156, 161, 169, 196]
x_34: [17, 21, 33, 73, 91, 96, 108, 115, 146, 149, 157, 158, 184, 195, 198]
x_35: [21, 29, 61, 63, 77, 79, 96, 112, 115, 132, 138, 147, 162, 164, 167, 193]
x_36: [5, 8, 22, 26, 53, 56, 59, 60, 67, 85, 91, 92, 93, 98, 104, 124, 131, 147, 149, 155, 159, 160, 163, 165, 170, 171, 172, 175]
x_37: [1, 2, 5, 8, 10, 23, 26, 28, 43, 58, 60, 63, 69, 90, 94, 95, 114, 120, 137, 142, 143, 148, 165, 179, 185, 189]
x_38: [3, 50, 59, 66, 72, 85, 89, 106, 107, 122, 130, 131, 133, 140, 141, 143, 144, 178, 185, 199]
x_39: [4, 29, 44, 45, 46, 49, 57, 84, 97, 101, 102, 103, 118, 123, 126, 153, 175, 184]
x_40: [4, 17, 29, 44, 57, 73, 97, 102, 115, 122, 126, 138, 149, 191]
x_41: [11, 15, 16, 18, 49, 94, 110, 112, 146, 169, 187, 199]
x_42: [7, 8, 10, 26, 46, 54, 58, 60, 62, 66, 72, 85, 93, 109, 124, 129, 135, 137, 140, 151, 155, 160, 163, 165, 167, 171, 177, 181]
x_43: [10, 30, 37, 55, 58, 59, 63, 74, 76, 90, 99, 100, 106, 117, 133, 135, 140, 145, 148, 156, 175, 179, 188, 190]
x_44: [5, 6, 7, 27, 39, 40, 67, 105, 108, 113, 121, 137, 163, 165, 170, 175, 185]
x_45: [13, 17, 33, 39, 103, 108, 110, 112, 125, 126, 150, 174, 175, 180, 187, 197]
x_46: [2, 22, 23, 27, 30, 31, 32, 39, 42, 47, 50, 53, 62, 64, 68, 76, 80, 90, 92, 93, 104, 109, 117, 120, 131, 133, 135, 142, 145, 148, 151, 159, 167, 168, 170, 172, 182, 185, 189, 198]
x_47: [13, 21, 24, 33, 46, 52, 62, 88, 108, 146, 156, 187, 200]
x_48: [3, 6, 20, 25, 30, 50, 55, 67, 70, 75, 76, 82, 87, 114, 116, 124, 129, 143, 174, 180, 181, 192, 196]
x_49: [7, 21, 22, 26, 39, 41, 58, 59, 68, 69, 76, 78, 94, 95, 109, 113, 115, 117, 128, 133, 135, 142, 151, 160, 171, 173, 181, 196]
x_50: [16, 27, 38, 46, 48, 58, 79, 88, 110, 149, 150, 162]
x_51: [15, 110, 111, 118, 125, 126, 150, 152, 158, 159, 164, 199, 200]
x_52: [6, 7, 14, 22, 23, 47, 53, 54, 56, 58, 64, 86, 91, 99, 120, 128, 141, 155, 183, 185, 189, 192, 194, 200]
x_53: [4, 6, 17, 36, 46, 52, 97, 101, 112, 115, 123, 132, 138, 140, 152, 153, 166, 180, 184]
x_54: [13, 42, 52, 57, 79, 84, 86, 102, 112, 132, 138, 139, 150, 152, 184, 199]
x_55: [4, 24, 29, 33, 43, 48, 61, 73, 102, 104, 110, 118, 125, 128, 132, 147, 149, 153, 157, 162, 195]
x_56: [20, 36, 52, 88, 102, 111, 112, 118, 132, 180, 194]
x_57: [2, 27, 30, 31, 39, 40, 54, 80, 81, 85, 114, 119, 124, 134, 136, 140, 146, 160, 165, 170, 181, 183, 188, 189, 192]
x_58: [12, 15, 27, 29, 33, 37, 42, 43, 49, 50, 52, 103, 105, 110, 115, 125, 132, 146, 158, 169, 184, 186, 193]
x_59: [15, 21, 31, 33, 36, 38, 43, 49, 61, 71, 84, 97, 108, 110, 125, 132, 146, 147, 153, 158, 164, 172, 174, 186]
x_60: [17, 28, 29, 36, 37, 42, 81, 84, 88, 97, 101, 103, 111, 126, 154, 166, 179, 199]
x_61: [3, 6, 14, 20, 25, 31, 35, 55, 59, 64, 65, 70, 72, 73, 74, 82, 85, 89, 100, 116, 117, 127, 135, 144, 153, 177]
x_62: [4, 13, 29, 42, 46, 47, 84, 139, 150, 153, 156, 169]
x_63: [11, 16, 33, 35, 37, 43, 73, 77, 79, 102, 139, 146, 158, 179, 180, 184, 187, 193]
x_64: [13, 16, 24, 26, 46, 52, 61, 70, 101, 112, 138, 146, 157, 164, 167, 169, 180]
x_65: [61, 71, 108, 109, 132, 146, 147, 154, 180, 194, 200]
x_66: [38, 42, 84, 88, 119, 123, 139, 153, 162, 169, 185, 187, 195, 199]
x_67: [15, 19, 24, 33, 36, 44, 48, 92, 97, 102, 105, 146, 147, 150, 167, 179, 194]
x_68: [12, 29, 46, 49, 73, 78, 79, 102, 103, 122, 132, 137, 150, 157, 169, 184, 199]
x_69: [10, 37, 49, 79, 84, 97, 101, 103, 105, 111, 114, 132, 149, 153, 157, 169, 179, 194, 199]
x_70: [26, 48, 61, 64, 71, 88, 108, 110, 147, 162, 167, 179, 184, 187, 193]
x_71: [14, 59, 65, 70, 83, 85, 87, 89, 91, 100, 106, 111, 124, 133, 135, 141, 143, 166, 168, 181, 185]
x_72: [24, 38, 42, 61, 112, 123, 125, 130, 146, 147, 151, 152, 157, 166, 167, 194, 195, 199]
x_73: [7, 8, 34, 40, 55, 61, 63, 68, 80, 104, 106, 119, 121, 136, 137, 153, 163, 176, 182, 185, 190]
x_74: [21, 43, 61, 84, 98, 132, 147, 155, 158, 167, 195]
x_75: [7, 21, 33, 48, 111, 125, 127, 166, 186, 193, 194]
x_76: [16, 43, 46, 48, 49, 96, 108, 125, 152, 158, 168, 169, 171, 193]
x_77: [9, 35, 63, 79, 102, 123, 132, 139, 153, 180, 197]
x_78: [17, 24, 49, 68, 110, 137, 139, 146, 147, 166, 174, 193, 197]
x_79: [7, 8, 9, 20, 22, 23, 25, 26, 28, 30, 35, 50, 54, 63, 68, 69, 77, 80, 82, 92, 99, 104, 106, 114, 120, 130, 135, 142, 148, 156, 160, 164, 177, 189, 198]
x_80: [4, 17, 46, 57, 73, 79, 81, 84, 101, 103, 112, 132, 138, 139, 152, 154, 166, 174, 179, 188, 197]
x_81: [1, 3, 6, 23, 31, 57, 60, 80, 92, 94, 109, 124, 136, 137, 142, 145, 146, 151, 155, 159, 160, 161, 165, 170, 183]
x_82: [11, 48, 61, 79, 106, 153, 158, 167, 186, 189]
x_83: [2, 16, 21, 25, 71, 138, 153, 154, 157, 200]
x_84: [2, 5, 23, 24, 26, 39, 54, 59, 60, 62, 66, 69, 74, 80, 98, 100, 109, 127, 129, 136, 143, 151, 154, 170, 171, 176, 181, 191]
x_85: [4, 11, 14, 33, 36, 38, 42, 57, 61, 71, 103, 115, 132, 139, 154, 164, 167, 180, 183, 186, 187, 195]
x_86: [11, 15, 21, 52, 54, 102, 105, 110, 154, 164, 197]
x_87: [5, 12, 16, 17, 21, 33, 48, 71, 101, 116, 146, 164, 187]
x_88: [1, 27, 32, 47, 50, 56, 60, 66, 70, 93, 95, 96, 104, 110, 114, 119, 127, 128, 140, 142, 143, 151, 155, 159, 171]
x_89: [13, 16, 21, 24, 38, 61, 71, 93, 143, 146, 147, 154, 158, 166, 167, 169, 179, 184, 193, 195]
x_90: [15, 16, 21, 33, 37, 43, 46, 102, 105, 146, 160, 161, 180]
x_91: [13, 15, 16, 21, 33, 34, 36, 52, 71, 96, 108, 110, 115, 125, 146, 152, 154, 186, 187, 193, 197, 198]
x_92: [4, 13, 19, 29, 36, 46, 67, 79, 81, 101, 111, 112, 149, 150, 179]
x_93: [29, 36, 42, 46, 88, 89, 97, 111, 112, 115, 132, 143, 149, 150, 153, 154, 184, 194]
x_94: [12, 18, 37, 41, 49, 81, 111, 115, 126, 132, 139, 149, 150, 154, 166, 180, 197, 199]
x_95: [11, 16, 23, 37, 49, 88, 108, 138, 147, 152, 153, 157, 181, 193]
x_96: [1, 8, 10, 34, 35, 76, 88, 91, 110, 120, 124, 129, 163, 165, 171, 172, 189, 191]
x_97: [2, 11, 17, 22, 26, 39, 40, 53, 59, 60, 67, 69, 93, 107, 109, 130, 136, 141, 145, 160, 171, 172, 177, 191, 192, 198]
x_98: [21, 33, 36, 74, 84, 103, 118, 123, 132, 146, 150, 155, 187]
x_99: [4, 21, 22, 24, 29, 43, 52, 79, 101, 132, 144, 146, 158, 164, 184]
x_100: [11, 13, 33, 43, 61, 71, 84, 139, 163, 164, 193, 196]
x_101: [7, 10, 15, 25, 26, 31, 39, 53, 60, 64, 69, 80, 87, 92, 99, 109, 120, 141, 152, 160, 165, 173, 176, 178, 183, 188, 189, 191]
x_102: [1, 6, 18, 32, 39, 40, 54, 55, 56, 63, 67, 68, 77, 86, 90, 103, 109, 113, 129, 133, 142, 144, 151, 158, 159, 171, 172, 173, 191, 192, 196]
x_103: [1, 5, 22, 30, 39, 45, 58, 60, 68, 69, 80, 85, 98, 102, 117, 120, 136, 142, 158, 163, 165, 170, 173, 185, 198]
x_104: [13, 36, 46, 55, 73, 79, 88, 118, 123, 126, 128, 139, 157, 169, 174, 194, 197]
x_105: [20, 22, 25, 26, 30, 44, 58, 67, 69, 86, 90, 108, 109, 113, 136, 143, 163, 165, 170, 176, 183, 190, 191, 198]
x_106: [11, 12, 16, 17, 24, 38, 43, 71, 73, 79, 82, 122, 139, 167, 180, 186, 187, 189, 193]
x_107: [24, 38, 97, 113, 115, 118, 126, 142, 154]
x_108: [6, 30, 31, 34, 44, 45, 47, 59, 65, 70, 76, 91, 95, 105, 117, 124, 128, 129, 134, 137, 140, 141, 161, 178, 191, 192, 196]
x_109: [12, 42, 46, 49, 65, 81, 84, 97, 101, 102, 105, 115, 122, 123, 139, 157, 179, 197, 199]
x_110: [10, 30, 31, 41, 45, 50, 51, 55, 58, 59, 70, 78, 86, 88, 91, 96, 117, 127, 128, 129, 130, 131, 145, 181, 190]
x_111: [1, 19, 25, 51, 56, 60, 69, 71, 75, 92, 93, 94, 119, 130, 136, 144, 151, 155, 160, 166, 170, 188, 198]
x_112: [1, 8, 10, 13, 32, 35, 41, 45, 53, 54, 56, 64, 72, 80, 92, 93, 114, 119, 120, 128, 130, 142, 160, 161, 163, 165, 175, 195]
x_113: [11, 17, 29, 44, 49, 102, 105, 107, 139, 142, 146, 157, 167, 187]
x_114: [10, 17, 21, 37, 48, 57, 69, 79, 88, 112, 164, 180, 193]
x_115: [1, 2, 3, 7, 8, 10, 19, 21, 22, 27, 30, 34, 35, 40, 49, 53, 58, 85, 91, 93, 94, 107, 109, 120, 121, 137, 148, 156, 165, 168, 172, 173, 178]
x_116: [5, 21, 24, 48, 61, 87, 152, 166, 167, 174, 193]
x_117: [1, 3, 11, 12, 16, 24, 43, 46, 49, 61, 103, 108, 110, 125, 149, 153, 158, 179, 194, 195, 197, 200]
x_118: [7, 8, 23, 26, 32, 33, 39, 51, 55, 56, 98, 104, 107, 119, 120, 121, 124, 130, 142, 144, 155, 156, 160, 161, 163, 169, 171, 172, 196]
x_119: [9, 57, 66, 73, 88, 111, 112, 118, 122, 132, 138, 152, 153, 166, 169, 179, 184, 185, 199]
x_120: [37, 46, 52, 79, 96, 101, 103, 112, 115, 118, 123, 132, 139, 148, 149, 154, 157, 182, 194]
x_121: [13, 44, 73, 115, 118, 132, 134, 145, 152, 166, 194]
x_122: [1, 20, 27, 38, 40, 68, 106, 109, 119, 127, 129, 133, 159, 163, 168, 173, 178, 181, 183, 189, 192, 198, 199]
x_123: [2, 4, 19, 39, 53, 66, 72, 77, 98, 104, 109, 120, 125, 136, 140, 143, 144, 159, 161, 171, 176, 183, 190, 191, 198]
x_124: [8, 15, 36, 42, 48, 57, 71, 81, 96, 108, 118, 125, 133, 146, 167, 187]
x_125: [4, 10, 14, 18, 25, 30, 45, 51, 55, 58, 59, 72, 75, 76, 91, 117, 123, 124, 129, 133, 135, 137, 140, 145, 148, 190, 192, 196]
x_126: [1, 7, 8, 23, 25, 26, 39, 40, 45, 51, 60, 94, 104, 107, 131, 137, 138, 142, 156, 162, 163, 173, 176, 188, 189]
x_127: [7, 12, 15, 21, 61, 75, 84, 88, 110, 122, 162, 167]
x_128: [9, 15, 21, 49, 52, 55, 88, 104, 108, 110, 112, 146, 147, 152, 157, 162, 167, 194, 195, 197]
x_129: [21, 42, 48, 84, 96, 102, 108, 110, 122, 125, 136, 146, 158, 162, 180, 186, 190, 194]
x_130: [16, 21, 38, 72, 79, 97, 110, 111, 112, 118, 138, 151, 157, 169, 179, 186, 193, 195]
x_131: [13, 16, 24, 32, 36, 38, 46, 110, 126, 146, 154, 158, 177, 180, 187, 200]
x_132: [1, 2, 8, 22, 23, 25, 35, 53, 54, 55, 56, 58, 59, 65, 68, 69, 74, 77, 80, 85, 93, 94, 98, 99, 119, 120, 121, 136, 139, 160, 163, 173, 178, 187, 188]
x_133: [8, 11, 15, 16, 21, 24, 33, 38, 43, 46, 49, 71, 102, 122, 124, 125, 147, 157, 174, 187, 199]
x_134: [4, 11, 12, 15, 21, 57, 108, 121, 138, 139, 145, 149, 184, 186, 187, 193, 195, 199]
x_135: [15, 42, 43, 46, 49, 61, 71, 79, 125, 139, 149, 152, 164, 165, 166, 167, 169]
x_136: [4, 57, 73, 81, 84, 97, 103, 105, 111, 123, 129, 132, 139, 174, 190, 197]
x_137: [16, 21, 37, 42, 44, 68, 73, 78, 81, 108, 115, 125, 126, 138, 139, 158, 167, 194, 195, 200]
x_138: [3, 6, 23, 32, 35, 40, 53, 54, 64, 80, 83, 95, 119, 126, 130, 134, 137, 144, 155, 162, 171, 173, 192]
x_139: [2, 22, 23, 27, 32, 54, 62, 63, 66, 77, 78, 80, 85, 94, 100, 104, 106, 109, 113, 120, 132, 134, 135, 136, 137, 144, 155, 161, 170, 176, 183, 187, 196]
x_140: [6, 9, 13, 21, 38, 42, 43, 53, 57, 88, 108, 123, 125, 147, 150, 164, 166, 186, 193]
x_141: [15, 16, 38, 52, 71, 97, 101, 108, 146, 162, 173, 174, 179, 184, 186, 200]
x_142: [37, 46, 49, 79, 81, 88, 102, 103, 107, 112, 113, 118, 126, 153, 174, 180, 199]
x_143: [12, 29, 37, 38, 48, 71, 84, 88, 89, 93, 105, 123, 167, 180, 186]
x_144: [12, 21, 22, 24, 33, 38, 61, 99, 102, 111, 118, 123, 138, 139, 147, 149, 150, 157, 167, 174, 186, 193]
x_145: [24, 43, 46, 81, 97, 110, 121, 125, 134, 147, 162, 167, 179, 186, 200]
x_146: [18, 20, 30, 34, 41, 47, 57, 58, 59, 63, 64, 65, 67, 72, 78, 81, 87, 89, 90, 91, 98, 99, 113, 124, 128, 129, 131, 141, 148, 156, 161, 168, 188, 191, 196]
x_147: [6, 20, 28, 35, 36, 55, 59, 65, 67, 70, 72, 74, 78, 89, 95, 128, 133, 140, 144, 145, 149, 185, 188, 192, 196]
x_148: [9, 11, 24, 29, 37, 43, 46, 79, 115, 120, 125, 146, 182, 186, 193, 200]
x_149: [22, 27, 34, 36, 40, 50, 55, 69, 92, 93, 94, 117, 120, 134, 135, 144, 147, 151, 163, 165, 171]
x_150: [1, 5, 6, 7, 8, 12, 19, 23, 26, 32, 45, 50, 51, 54, 62, 67, 68, 92, 93, 94, 98, 140, 144, 151, 160, 161, 163, 189, 193]
x_151: [13, 17, 29, 42, 46, 49, 72, 81, 84, 88, 102, 111, 130, 149, 150, 157, 179, 180, 194, 197]
x_152: [1, 15, 32, 51, 53, 54, 72, 76, 80, 91, 95, 101, 116, 119, 121, 128, 135, 159, 170, 171, 173, 181, 189, 192]
x_153: [10, 19, 26, 31, 39, 53, 55, 59, 61, 62, 66, 69, 73, 77, 82, 83, 93, 95, 117, 119, 142, 156, 160, 163, 171, 172, 176, 177, 198]
x_154: [8, 10, 24, 27, 60, 65, 80, 83, 84, 85, 86, 89, 91, 93, 94, 107, 120, 131, 176, 178, 185, 190, 198]
x_155: [9, 29, 36, 42, 52, 74, 81, 88, 98, 111, 118, 138, 139, 157, 166, 169, 179, 197]
x_156: [16, 33, 43, 47, 62, 79, 115, 118, 126, 146, 153, 162, 164, 179, 186]
x_157: [1, 6, 16, 18, 26, 34, 55, 64, 68, 69, 72, 83, 95, 104, 109, 113, 120, 128, 130, 133, 144, 151, 155, 163, 165, 170, 173, 175, 177, 182, 183, 190, 196, 197]
x_158: [18, 20, 34, 51, 58, 59, 63, 74, 76, 82, 89, 99, 102, 103, 117, 129, 131, 137, 178, 182, 196]
x_159: [9, 17, 36, 46, 51, 81, 88, 102, 122, 123, 152, 169, 184, 194]
x_160: [9, 17, 29, 36, 42, 49, 57, 79, 81, 90, 97, 101, 111, 112, 118, 132, 150, 153, 161, 199]
x_161: [4, 21, 24, 29, 33, 81, 90, 108, 112, 118, 123, 139, 146, 150, 160, 162, 169, 184, 197, 200]
x_162: [10, 14, 25, 35, 50, 55, 66, 70, 126, 127, 128, 129, 138, 141, 145, 156, 161]
x_163: [9, 12, 36, 42, 44, 73, 96, 100, 103, 105, 112, 118, 122, 126, 132, 149, 150, 153, 157, 169, 196, 197, 199]
x_164: [9, 25, 30, 35, 51, 59, 64, 79, 85, 86, 87, 99, 100, 114, 135, 140, 156, 181, 182, 191]
x_165: [4, 36, 37, 42, 44, 57, 81, 96, 101, 103, 105, 112, 115, 135, 149, 157, 166]
x_166: [1, 2, 23, 30, 32, 53, 60, 71, 72, 75, 78, 80, 89, 94, 111, 116, 119, 121, 135, 140, 155, 165, 178, 182, 192, 198]
x_167: [3, 6, 10, 14, 30, 31, 35, 42, 46, 64, 67, 70, 72, 74, 82, 85, 89, 106, 113, 116, 124, 127, 128, 135, 137, 143, 144, 145, 168, 178, 181, 188, 190, 191]
x_168: [46, 71, 76, 115, 122, 146, 167, 171, 184, 193]
x_169: [14, 22, 26, 32, 33, 41, 58, 62, 64, 66, 68, 69, 76, 89, 104, 118, 119, 130, 135, 155, 159, 161, 163, 173, 178, 181, 182, 189, 192, 198]
x_170: [9, 12, 36, 44, 46, 57, 81, 84, 103, 105, 111, 139, 152, 157, 178, 184, 192, 199]
x_171: [9, 17, 36, 42, 49, 76, 84, 88, 96, 97, 102, 118, 123, 138, 149, 152, 153, 168, 194, 199]
x_172: [4, 9, 31, 36, 46, 59, 96, 97, 102, 115, 118, 153, 174, 179, 180, 199]
x_173: [13, 49, 101, 102, 103, 115, 122, 126, 132, 138, 141, 152, 157, 169, 180]
x_174: [2, 3, 23, 25, 27, 28, 45, 48, 59, 78, 80, 104, 116, 133, 136, 141, 142, 144, 172, 176, 180, 198]
x_175: [11, 29, 36, 39, 43, 44, 45, 112, 157, 187, 193, 197]
x_176: [4, 12, 29, 30, 73, 84, 101, 105, 123, 126, 139, 153, 154, 174, 179, 180, 197, 199]
x_177: [15, 21, 32, 42, 61, 79, 97, 131, 153, 157, 186, 197]
x_178: [15, 24, 38, 101, 108, 115, 122, 132, 154, 158, 166, 167, 169, 170, 180, 186, 192, 200]
x_179: [25, 31, 37, 43, 60, 63, 67, 69, 70, 80, 89, 92, 109, 117, 119, 130, 141, 145, 151, 155, 156, 172, 176, 181]
x_180: [1, 2, 3, 5, 8, 19, 30, 45, 48, 53, 56, 63, 64, 65, 77, 85, 90, 94, 106, 114, 129, 131, 142, 143, 151, 172, 173, 174, 176, 178, 183, 188, 189, 191, 192, 198]
x_181: [11, 16, 23, 42, 48, 49, 57, 71, 84, 95, 110, 122, 152, 164, 167, 169, 179, 186]
x_182: [4, 21, 46, 73, 120, 148, 157, 158, 164, 166, 169, 187, 193]
x_183: [13, 14, 52, 57, 81, 85, 101, 105, 122, 123, 139, 157, 180, 197]
x_184: [3, 5, 8, 10, 19, 26, 29, 32, 34, 39, 53, 54, 58, 63, 68, 70, 89, 93, 99, 119, 134, 141, 159, 161, 168, 170, 186]
x_185: [24, 37, 38, 44, 46, 52, 66, 71, 73, 103, 119, 147, 154, 186, 199, 200]
x_186: [18, 29, 58, 59, 75, 82, 85, 91, 106, 129, 130, 134, 140, 141, 143, 144, 145, 148, 156, 177, 178, 181, 184, 185]
x_187: [6, 10, 20, 28, 41, 45, 47, 63, 66, 70, 85, 87, 91, 98, 106, 113, 124, 131, 132, 133, 134, 139, 175, 182, 190]
x_188: [12, 43, 57, 80, 101, 111, 126, 132, 146, 147, 167, 180, 193, 195, 200]
x_189: [4, 9, 37, 46, 52, 57, 79, 82, 96, 101, 106, 122, 126, 150, 152, 169, 180, 197, 199]
x_190: [9, 21, 43, 73, 105, 110, 123, 125, 129, 136, 154, 157, 167, 187]
x_191: [4, 15, 16, 24, 29, 40, 84, 96, 97, 101, 102, 105, 108, 123, 146, 164, 167, 180]
x_192: [21, 48, 52, 57, 97, 102, 108, 122, 125, 138, 147, 152, 166, 169, 170, 178, 180, 195, 199]
x_193: [3, 6, 12, 18, 28, 35, 58, 63, 70, 75, 76, 78, 89, 91, 95, 100, 106, 114, 116, 130, 134, 140, 144, 148, 150, 168, 175, 182, 188, 196]
x_194: [26, 31, 32, 52, 56, 65, 67, 69, 72, 75, 93, 104, 117, 120, 121, 128, 129, 137, 151, 159, 171, 200]
x_195: [3, 10, 13, 28, 34, 55, 66, 72, 74, 85, 89, 112, 117, 128, 130, 134, 137, 188, 192]
x_196: [15, 33, 48, 49, 100, 102, 108, 118, 125, 139, 146, 147, 157, 158, 163, 193, 199]
x_197: [5, 6, 8, 16, 45, 77, 78, 80, 86, 91, 94, 104, 109, 117, 128, 136, 151, 155, 157, 161, 163, 175, 176, 177, 183, 189, 198]
x_198: [4, 13, 34, 46, 79, 91, 97, 103, 105, 111, 122, 123, 153, 154, 166, 169, 174, 180, 197]
x_199: [2, 8, 20, 22, 23, 38, 41, 51, 54, 60, 66, 68, 69, 72, 94, 109, 119, 122, 133, 134, 142, 160, 163, 170, 171, 172, 176, 185, 189, 192, 196]
x_200: [10, 20, 47, 51, 52, 65, 83, 117, 131, 137, 141, 145, 148, 161, 178, 185, 188, 194]