200
1 1 1 1 1 1 1 1 1 1 1 1 1 1 1 1 1 1 1 1 1 1 1 1 1 1 1 1 1 1 1 1 1 1 1 1 1 1 1 1 1 1 1 1 1 1 1 1 1 1 1 1 1 1 1 1 1 1 1 1 1 1 1 1 1 1 1 1 1 1 1 1 1 1 1 1 1 1 1 1 1 1 1 1 1 1 1 1 1 1 1 1 1 1 1 1 1 1 1 1 1 1 1 1 1 1 1 1 1 1 1 1 1 1 1 1 1 1 1 1 1 1 1 1 1 1 1 1 1 1 1 1 1 1 1 1 1 1 1 1 1 1 1 1 1 1 1 1 1 1 1 1 1 1 1 1 1 1 1 1 1 1 1 1 1 1 1 1 1 1 1 1 1 1 1 1 1 1 1 1 1 1 1 1 1 1 1 1 1 1 1 1 1 1 1 1 1 1 1 1
x_1: [3, 4, 5, 59, 69, 74, 76, 90, 92, 98, 109, 114, 124, 136, 138, 146, 148, 152, 153, 170, 186, 193]
x_2: [25, 30, 31, 34, 39, 45, 62, 72, 75, 86, 93, 131, 145, 151, 165, 168, 178, 181, 182, 196, 198, 200]
x_3: [1, 9, 15, 22, 41, 45, 51, 61, 63, 67, 73, 75, 80, 82, 101, 123, 131, 135, 149, 155, 164, 172, 174, 178, 179, 182, 190, 198, 199]
x_4: [1, 34, 41, 89, 118, 124, 152, 156, 178, 180, 183, 191, 199, 200]
x_5: [1, 28, 45, 56, 57, 74, 82, 97, 144, 146, 162, 174, 178, 180, 197, 200]
x_6: [15, 29, 35, 44, 50, 53, 55, 83, 103, 117, 135, 152, 160, 164, 171, 181, 191]
x_7: [9, 19, 57, 62, 75, 79, 103, 105, 115, 126, 129, 142, 146, 149, 155, 160, 161, 162, 168, 174, 177, 181, 190]
x_8: [9, 13, 17, 22, 25, 34, 42, 44, 61, 67, 86, 104, 105, 122, 144, 154, 160, 169, 172, 177, 182, 183, 184, 189]
x_9: [3, 7, 8, 10, 11, 16, 23, 38, 41, 43, 88, 89, 106, 107, 121, 127, 133, 166, 168, 176, 181, 186, 195]
x_10: [9, 13, 32, 34, 39, 42, 47, 72, 78, 82, 93, 118, 119, 140, 142, 147, 158, 166, 183, 189, 192, 197, 199]
x_11: [9, 42, 47, 48, 57, 58, 77, 78, 118, 142, 143, 149, 161, 165, 167, 190, 197]
x_12: [29, 34, 39, 44, 47, 50, 66, 67, 72, 84, 118, 123, 137, 139, 142, 146, 162, 181, 183, 192]
x_13: [8, 10, 26, 38, 40, 42, 59, 69, 88, 92, 97, 102, 106, 108, 125, 128, 131, 138, 194, 195, 198]
x_14: [24, 34, 39, 50, 61, 65, 75, 86, 96, 119, 156, 169]
x_15: [3, 6, 35, 44, 54, 60, 84, 97, 120, 128, 130, 139, 142, 145, 157, 166]
x_16: [9, 21, 46, 50, 57, 74, 84, 118, 119, 156, 180, 196]
x_17: [8, 22, 25, 31, 45, 48, 53, 61, 65, 72, 93, 118, 122, 123, 126, 146, 147, 151, 158, 162, 190, 198]
x_18: [22, 25, 41, 42, 44, 72, 73, 74, 106, 136, 142, 146, 149, 152, 155, 156, 167, 169, 174, 180, 187]
x_19: [7, 20, 21, 31, 35, 45, 60, 61, 66, 69, 87, 89, 90, 95, 107, 108, 110, 127, 143, 150, 176, 194]
x_20: [19, 22, 31, 41, 47, 59, 65, 75, 105, 119, 121, 129, 171]
x_21: [16, 19, 25, 29, 45, 46, 51, 53, 62, 63, 72, 77, 78, 105, 131, 140, 156, 161, 172, 174, 178, 180, 181, 190, 196]
x_22: [3, 8, 17, 18, 20, 26, 33, 37, 54, 58, 63, 64, 77, 79, 83, 87, 88, 99, 124, 133, 145, 153, 157, 182, 186, 195]
x_23: [9, 25, 28, 44, 47, 53, 67, 77, 78, 85, 103, 111, 119, 126, 132, 137, 147, 158, 183, 187, 193, 194]
x_24: [14, 29, 44, 77, 96, 103, 117, 118, 119, 126, 132, 151, 162, 164, 180, 181, 192, 197]
x_25: [2, 8, 17, 18, 21, 23, 26, 36, 39, 50, 51, 69, 79, 88, 90, 102, 106, 110, 153, 195]
x_26: [13, 22, 25, 29, 31, 41, 50, 61, 62, 63, 77, 90, 142, 151, 162, 164, 171, 184, 185, 198]
x_27: [29, 34, 43, 55, 62, 73, 99, 105, 123, 131, 132, 149, 162, 165, 167, 169, 172, 177]
x_28: [5, 23, 32, 37, 38, 43, 46, 49, 54, 58, 66, 70, 71, 80, 83, 89, 116, 122, 123, 133, 141, 159, 173, 186, 189, 195]
x_29: [6, 12, 21, 24, 26, 27, 33, 37, 46, 49, 52, 83, 88, 98, 104, 106, 109, 120, 122, 124, 127, 136, 143, 148, 157, 166, 170, 173, 174, 180]
x_30: [2, 31, 34, 45, 61, 72, 78, 84, 104, 111, 117, 123, 145, 147, 158, 172, 183, 189, 191, 198]
x_31: [2, 17, 19, 20, 26, 30, 35, 37, 40, 45, 58, 59, 61, 83, 92, 112, 120, 127, 133, 159, 188]
x_32: [10, 28, 45, 48, 50, 62, 75, 78, 82, 119, 123, 126, 135, 137, 144, 155, 161, 164, 166, 168, 172]
x_33: [22, 29, 34, 50, 62, 70, 72, 77, 104, 134, 142, 146, 156, 164, 180, 191, 192, 198]
x_34: [2, 4, 8, 10, 12, 14, 27, 30, 33, 35, 43, 79, 83, 91, 112, 114, 120, 137, 143, 163, 167, 170, 184, 186]
x_35: [6, 15, 19, 31, 34, 45, 51, 72, 83, 118, 140, 144, 168, 172, 177, 182, 183, 196]
x_36: [25, 42, 47, 65, 103, 116, 117, 118, 144, 149, 159]
x_37: [22, 28, 29, 31, 39, 42, 44, 48, 53, 62, 65, 71, 84, 85, 93, 101, 132, 147, 155, 156, 175, 183, 184, 187, 189]
x_38: [9, 13, 28, 42, 55, 61, 62, 63, 65, 72, 77, 93, 102, 104, 132, 151, 157, 180, 184, 189, 190, 198]
x_39: [2, 10, 12, 14, 25, 37, 50, 51, 58, 113, 115, 124, 133, 138, 145, 176, 186, 188, 195]
x_40: [13, 31, 44, 50, 53, 61, 69, 72, 86, 101, 111, 123, 135, 152, 177, 182, 190, 195]
x_41: [3, 4, 9, 18, 20, 26, 46, 52, 56, 71, 81, 88, 168, 170, 181, 193]
x_42: [8, 10, 11, 13, 18, 36, 37, 38, 49, 52, 56, 59, 69, 83, 88, 89, 92, 94, 97, 98, 100, 127, 131, 136, 163, 195, 198]
x_43: [9, 27, 28, 34, 47, 48, 50, 63, 65, 72, 86, 99, 105, 111, 123, 129, 131, 147, 149, 182, 192]
x_44: [6, 8, 12, 15, 18, 23, 24, 37, 40, 46, 64, 84, 90, 97, 99, 109, 134, 136, 142, 150, 159, 170, 173, 175, 188, 194]
x_45: [2, 3, 5, 17, 19, 21, 30, 31, 32, 35, 61, 79, 99, 127, 138, 143, 148, 150]
x_46: [16, 21, 28, 29, 41, 44, 48, 55, 65, 72, 77, 85, 104, 111, 119, 123, 147, 162, 172, 191, 192]
x_47: [10, 11, 12, 20, 23, 36, 43, 58, 64, 71, 80, 85, 88, 92, 94, 98, 105, 120, 121, 122, 136, 163, 200]
x_48: [11, 17, 32, 37, 43, 46, 54, 60, 66, 75, 106, 157, 158, 159, 163, 186, 187]
x_49: [28, 29, 42, 51, 63, 81, 84, 104, 111, 117, 132, 133, 135, 141, 152, 158, 161, 162, 165, 168, 182, 184]
x_50: [6, 12, 14, 16, 25, 26, 32, 33, 39, 40, 43, 51, 59, 70, 88, 89, 94, 98, 113, 114, 138, 159, 179, 194]
x_51: [3, 21, 25, 35, 39, 49, 50, 68, 69, 70, 100, 109, 110, 121, 122, 128, 143, 145, 157, 166, 188, 194]
x_52: [29, 41, 42, 62, 72, 93, 95, 104, 108, 119, 123, 132, 142, 151, 164, 171, 172, 178, 181, 192]
x_53: [6, 17, 21, 23, 37, 40, 68, 79, 81, 83, 87, 92, 93, 97, 99, 122, 134, 151, 163, 166, 169, 186, 194]
x_54: [15, 22, 28, 48, 73, 98, 101, 127, 132, 135, 142, 155, 161, 164, 178, 189, 197]
x_55: [6, 27, 38, 46, 56, 57, 59, 92, 94, 98, 122, 125, 128, 143, 145, 153, 163, 166, 172, 175, 188, 195]
x_56: [5, 41, 42, 55, 61, 72, 77, 78, 82, 97, 103, 104, 126, 154, 158, 162, 190, 191, 199, 200]
x_57: [5, 7, 11, 16, 55, 64, 68, 80, 87, 107, 110, 122, 124, 128, 143, 148, 150, 166, 172]
x_58: [11, 22, 28, 31, 39, 47, 111, 132, 140, 143, 151, 154, 156, 180, 184]
x_59: [1, 13, 20, 31, 42, 50, 55, 61, 62, 77, 85, 101, 103, 117, 121, 151, 191, 197]
x_60: [15, 19, 48, 61, 75, 76, 85, 103, 110, 111, 141, 144, 154, 160, 161, 165, 174, 177, 183, 184, 198]
x_61: [3, 8, 14, 17, 19, 26, 30, 31, 38, 40, 45, 56, 59, 60, 76, 79, 81, 91, 92, 97, 108, 110, 112, 115, 122, 157, 166, 176]
x_62: [2, 7, 21, 26, 27, 32, 33, 37, 38, 52, 59, 76, 78, 98, 99, 106, 114, 121, 124, 134, 153, 164, 170, 176, 177]
x_63: [3, 21, 22, 26, 38, 43, 49, 68, 77, 90, 92, 109, 113, 115, 122, 139, 148, 170, 182, 186, 188]
x_64: [22, 44, 47, 57, 67, 78, 101, 105, 118, 138, 147, 155, 158, 167, 169, 173, 187, 192, 197]
x_65: [14, 17, 20, 36, 37, 38, 43, 46, 83, 87, 94, 99, 100, 110, 112, 125, 133, 135, 162, 171, 173, 175, 185]
x_66: [12, 19, 28, 48, 74, 78, 111, 135, 139, 142, 149, 165, 182, 197, 198, 199]
x_67: [3, 8, 12, 23, 64, 102, 103, 114, 125, 132, 133, 136, 143, 160, 163, 175, 176, 179, 188, 193]
x_68: [51, 53, 57, 63, 72, 73, 74, 88, 120, 160, 165, 174, 191, 198]
x_69: [1, 13, 19, 25, 40, 42, 51, 73, 74, 103, 104, 147, 156, 160, 182, 191, 195]
x_70: [28, 33, 50, 51, 73, 75, 78, 82, 101, 117, 118, 129, 132, 134, 147, 149, 167, 168, 192]
x_71: [28, 37, 41, 47, 75, 93, 101, 118, 132, 141, 144, 152, 158, 161, 175, 177, 182, 187, 192]
x_72: [2, 10, 12, 17, 18, 21, 30, 33, 35, 38, 40, 43, 46, 52, 56, 68, 79, 88, 99, 101, 109, 115, 120, 124, 129, 153, 175, 179, 183]
x_73: [3, 18, 27, 54, 68, 69, 70, 80, 89, 95, 113, 119, 120, 122, 124, 126, 150, 176, 188, 191, 193, 194]
x_74: [1, 5, 16, 18, 66, 68, 69, 80, 87, 91, 96, 97, 109, 113, 115, 120, 130, 134, 146, 152, 188, 194]
x_75: [2, 3, 7, 14, 20, 32, 48, 60, 70, 71, 89, 97, 102, 121, 122, 128, 139, 153, 157, 158, 185, 187, 194]
x_76: [1, 60, 61, 62, 78, 93, 110, 140, 156, 158, 162, 164, 172, 180, 199]
x_77: [11, 21, 22, 23, 24, 26, 33, 38, 46, 56, 59, 63, 80, 88, 94, 99, 108, 109, 121, 124, 150, 153, 170, 182, 195]
x_78: [10, 11, 21, 23, 30, 32, 56, 62, 64, 66, 70, 76, 88, 91, 94, 95, 124, 130, 139, 164, 177, 185]
x_79: [7, 22, 25, 34, 45, 53, 61, 72, 82, 101, 115, 137, 140, 152, 183, 187, 191]
x_80: [3, 28, 47, 57, 73, 74, 77, 118, 146, 151, 174, 177, 179, 196]
x_81: [41, 49, 53, 61, 84, 86, 118, 133, 155, 160, 161, 164, 169, 174, 178, 180, 182]
x_82: [3, 5, 10, 32, 56, 70, 79, 92, 96, 116, 125, 133, 138, 140, 161, 188]
x_83: [6, 22, 28, 29, 31, 34, 35, 42, 53, 65, 117, 123, 155, 158, 178, 191, 192]
x_84: [12, 15, 16, 30, 37, 44, 49, 81, 90, 112, 122, 124, 130, 134, 136, 138, 142, 157, 170, 186]
x_85: [23, 37, 46, 47, 59, 60, 89, 92, 94, 95, 102, 105, 121, 130, 133, 136, 139, 145, 170, 173, 175, 176, 200]
x_86: [2, 8, 14, 40, 43, 81, 91, 96, 97, 106, 107, 108, 109, 110, 120, 127, 128, 139, 145, 148, 166, 173, 176, 190, 192, 199]
x_87: [19, 22, 53, 57, 65, 74, 94, 103, 104, 118, 148, 160, 164, 167, 169, 181, 189, 191]
x_88: [9, 13, 22, 25, 29, 41, 42, 47, 50, 68, 72, 77, 78, 117, 119, 120, 126, 151, 154, 172, 181, 184]
x_89: [4, 9, 19, 28, 42, 50, 73, 75, 85, 101, 105, 124, 126, 131, 135, 137, 151, 156, 165, 174, 189, 198, 199]
x_90: [1, 19, 25, 26, 44, 63, 84, 93, 119, 129, 167, 177, 180, 182, 183, 185, 192]
x_91: [34, 61, 74, 78, 86, 128, 140, 155, 165, 167, 168, 169, 172, 180, 184, 186, 192]
x_92: [1, 13, 31, 42, 47, 53, 55, 61, 63, 82, 85, 104, 109, 123, 125, 142, 164, 171, 183, 187, 189, 191, 192]
x_93: [2, 10, 17, 37, 38, 52, 53, 71, 76, 90, 94, 97, 99, 109, 133, 151, 169, 170, 185, 193]
x_94: [42, 47, 50, 55, 65, 77, 78, 85, 87, 93, 101, 103, 104, 118, 142, 147, 148, 151, 162, 171, 172, 180, 189, 191, 197]
x_95: [19, 52, 73, 78, 85, 108, 111, 123, 132, 152, 158, 165, 171, 184, 198]
x_96: [14, 24, 74, 82, 86, 104, 126, 129, 151, 160, 162, 167, 169, 182, 190, 199]
x_97: [5, 13, 15, 42, 44, 53, 56, 61, 74, 75, 86, 93, 104, 123, 126, 131, 141, 144, 151, 161, 183, 184, 191, 196]
x_98: [1, 29, 42, 47, 50, 54, 55, 62, 101, 111, 127, 132, 152, 155, 164, 171, 181, 191, 197, 198, 200]
x_99: [22, 27, 43, 44, 45, 53, 62, 65, 72, 77, 93, 101, 103, 104, 152, 189, 191, 192]
x_100: [42, 51, 65, 103, 104, 119, 141, 144, 151, 153, 160, 162, 170, 174, 183]
x_101: [3, 37, 40, 54, 59, 64, 70, 71, 72, 79, 89, 94, 98, 99, 115, 129, 138, 175, 183, 195]
x_102: [13, 25, 38, 67, 75, 85, 104, 105, 118, 141, 157, 160, 169, 177]
x_103: [6, 7, 23, 24, 36, 56, 59, 60, 67, 69, 87, 94, 99, 100, 121, 125, 132, 159, 160, 170, 173, 176, 188]
x_104: [8, 29, 30, 33, 38, 46, 49, 52, 56, 69, 87, 92, 94, 96, 97, 99, 100, 102, 112, 115, 130, 133, 138, 143, 159, 170, 174, 180, 186]
x_105: [7, 8, 20, 21, 27, 43, 47, 64, 85, 89, 102, 121, 148, 153, 188, 200]
x_106: [9, 13, 18, 25, 29, 48, 62, 86, 136, 146, 151, 160, 165, 167, 168, 169, 174, 199, 200]
x_107: [9, 19, 57, 86, 112, 132, 144, 160, 167, 169, 176, 183, 187, 190]
x_108: [13, 19, 52, 61, 77, 86, 95, 129, 131, 135, 161, 164, 167, 190]
x_109: [1, 29, 44, 51, 63, 72, 74, 77, 86, 92, 93, 118, 125, 135, 160, 161, 164, 168, 190, 200]
x_110: [19, 25, 51, 57, 60, 61, 65, 76, 86, 129, 140, 141, 142, 183, 191]
x_111: [23, 30, 40, 43, 46, 49, 58, 60, 66, 95, 98, 114, 128, 133, 150, 156, 163, 165, 166, 185, 188, 193]
x_112: [31, 34, 61, 65, 84, 104, 107, 119, 142, 154, 171, 176, 187, 190, 197, 198]
x_113: [39, 50, 63, 73, 74, 114, 131, 135, 147, 158, 160, 188, 190, 192, 196, 197, 199]
x_114: [1, 34, 50, 62, 67, 111, 113, 117, 126, 147, 155, 156, 158, 184, 188]
x_115: [7, 39, 61, 63, 72, 74, 79, 101, 104, 132, 147, 149, 155, 174, 198]
x_116: [28, 36, 82, 141, 152, 154, 158, 159, 160, 164, 174, 180, 183]
x_117: [6, 24, 30, 36, 49, 59, 70, 83, 88, 114, 118, 120, 121, 127, 138, 149, 170, 195]
x_118: [4, 10, 11, 12, 16, 17, 24, 35, 36, 64, 70, 71, 80, 81, 87, 94, 102, 109, 117, 136, 138, 139, 148, 149]
x_119: [10, 14, 16, 20, 23, 24, 32, 46, 52, 73, 88, 90, 100, 112, 125, 126, 133, 138, 163, 191, 195]
x_120: [15, 29, 31, 34, 47, 68, 72, 73, 74, 86, 88, 117, 129, 135, 146, 149, 151, 156, 160, 178, 182, 189]
x_121: [9, 20, 47, 51, 59, 62, 75, 77, 85, 103, 105, 117, 123, 131, 132, 164, 169, 180, 187]
x_122: [8, 17, 28, 29, 47, 51, 53, 55, 57, 61, 63, 73, 75, 84, 141, 144, 149, 151, 156, 160, 167, 168, 172, 198]
x_123: [3, 12, 17, 27, 28, 30, 32, 40, 43, 46, 52, 83, 92, 95, 97, 121, 128, 130, 141, 148, 189, 195]
x_124: [1, 4, 22, 29, 39, 57, 62, 72, 73, 77, 78, 84, 89, 141, 144, 146, 149, 155, 158, 160, 167, 169, 172, 174, 200]
x_125: [13, 55, 65, 67, 82, 92, 103, 109, 119, 147, 181, 196]
x_126: [7, 17, 23, 24, 32, 56, 73, 88, 89, 96, 97, 114, 119, 166, 191, 193]
x_127: [9, 19, 29, 31, 42, 45, 54, 86, 98, 117, 141, 144, 149, 171, 174, 177, 180, 182, 198, 199]
x_128: [13, 15, 51, 55, 57, 75, 86, 91, 111, 123, 129, 135, 156, 158, 181, 182, 186, 190]
x_129: [7, 20, 43, 70, 72, 90, 96, 101, 108, 110, 120, 128, 130, 150, 166, 183, 188]
x_130: [15, 74, 78, 84, 85, 104, 123, 129, 150, 152, 154, 161, 163, 167, 168, 172, 182, 187, 192, 197, 198, 200]
x_131: [2, 3, 13, 21, 27, 42, 43, 89, 97, 108, 113, 121, 145, 153, 173, 194, 198]
x_132: [23, 24, 27, 37, 38, 49, 52, 54, 58, 67, 70, 71, 95, 98, 103, 107, 115, 121, 134, 136, 139, 160, 166, 170, 179, 186, 188]
x_133: [9, 22, 28, 31, 39, 49, 65, 67, 81, 82, 85, 93, 104, 111, 119, 140, 190]
x_134: [33, 44, 53, 62, 70, 74, 84, 132, 141, 161, 164, 165, 171, 177, 181, 197]
x_135: [3, 6, 32, 40, 49, 54, 65, 66, 89, 108, 109, 113, 120, 128, 148, 150, 153, 162, 171, 188]
x_136: [1, 18, 29, 42, 44, 47, 67, 84, 85, 106, 118, 132, 137, 140, 151, 156, 162, 172, 187, 197]
x_137: [12, 23, 32, 34, 79, 89, 136, 143, 167, 179, 184, 185]
x_138: [1, 13, 39, 45, 50, 64, 82, 84, 101, 104, 117, 118, 119, 146, 151, 152, 154, 162, 172, 173, 178, 181, 183, 187, 189, 190, 197]
x_139: [12, 15, 63, 66, 75, 78, 85, 86, 118, 132, 149, 156, 161, 190]
x_140: [10, 21, 35, 58, 76, 79, 82, 91, 110, 133, 136, 148, 161, 163, 166, 173, 193, 195]
x_141: [28, 49, 60, 71, 97, 100, 102, 110, 116, 122, 123, 124, 127, 134, 148, 166, 176, 189]
x_142: [7, 10, 11, 12, 15, 18, 26, 33, 44, 52, 54, 66, 84, 92, 94, 110, 112, 159, 179, 188]
x_143: [11, 19, 29, 34, 45, 51, 55, 57, 58, 67, 104, 137, 144, 152, 169, 182, 196]
x_144: [5, 8, 32, 35, 36, 60, 71, 97, 100, 107, 122, 124, 127, 143, 148, 154, 166, 178]
x_145: [2, 15, 22, 30, 39, 51, 55, 85, 86, 131, 162]
x_146: [1, 5, 7, 12, 17, 18, 33, 74, 80, 106, 120, 124, 138, 152, 186, 188]
x_147: [10, 17, 23, 30, 37, 43, 46, 64, 69, 70, 94, 113, 114, 115, 125, 155, 170, 188, 196, 197]
x_148: [1, 29, 45, 57, 63, 86, 87, 94, 105, 118, 123, 135, 140, 141, 144, 155, 167, 174, 184, 196]
x_149: [3, 7, 11, 18, 27, 36, 43, 66, 70, 115, 117, 118, 120, 122, 124, 127, 139, 153, 157, 166, 188, 193, 194]
x_150: [19, 44, 45, 57, 73, 77, 111, 129, 130, 135, 151, 158, 163, 164, 165, 169, 174, 184, 190, 192]
x_151: [2, 17, 24, 26, 38, 52, 53, 58, 59, 80, 88, 89, 93, 94, 96, 97, 100, 106, 120, 122, 136, 138, 150, 159, 163, 169, 170, 188, 195]
x_152: [1, 4, 6, 18, 40, 49, 71, 74, 79, 95, 98, 99, 116, 130, 138, 143, 146, 163, 179, 186]
x_153: [1, 22, 25, 55, 62, 72, 75, 77, 100, 105, 131, 135, 149, 162, 167, 170, 183, 187, 197]
x_154: [8, 56, 58, 60, 88, 112, 116, 130, 138, 144, 163, 170, 176, 178]
x_155: [3, 7, 18, 32, 37, 54, 64, 81, 83, 91, 98, 114, 115, 124, 147, 148, 157, 163, 170, 186, 195, 196, 197]
x_156: [4, 14, 16, 18, 21, 33, 37, 58, 69, 76, 89, 111, 114, 120, 122, 128, 136, 139, 159, 163, 165, 166, 176, 195]
x_157: [15, 22, 29, 38, 48, 51, 61, 75, 84, 102, 149, 155, 160, 182, 191, 192]
x_158: [10, 17, 23, 30, 48, 49, 56, 64, 71, 75, 76, 83, 95, 113, 114, 116, 124, 128, 150, 163, 170, 186, 187, 195]
x_159: [28, 31, 36, 44, 48, 50, 103, 104, 116, 142, 151, 156, 181, 183, 189]
x_160: [6, 7, 8, 60, 67, 68, 69, 81, 87, 96, 100, 102, 103, 106, 107, 109, 113, 116, 120, 122, 124, 132, 157, 173, 185, 193]
x_161: [7, 11, 21, 32, 49, 54, 60, 71, 81, 82, 97, 108, 109, 130, 134, 139, 140, 175]
x_162: [5, 7, 12, 17, 24, 26, 27, 46, 49, 56, 65, 76, 94, 96, 100, 135, 136, 138, 145, 153, 163, 171, 175]
x_163: [34, 42, 47, 48, 53, 55, 67, 111, 119, 130, 140, 150, 151, 152, 154, 155, 156, 158, 162, 183, 197, 198, 200]
x_164: [3, 6, 24, 26, 32, 33, 52, 54, 62, 76, 78, 81, 87, 92, 98, 108, 109, 116, 121, 134, 150, 177, 186]
x_165: [2, 11, 27, 49, 60, 66, 68, 89, 91, 95, 106, 111, 134, 150, 156, 188]
x_166: [9, 10, 15, 29, 32, 51, 53, 55, 57, 61, 86, 111, 126, 129, 132, 140, 141, 144, 149, 156, 174, 181, 182, 196]
x_167: [11, 18, 27, 34, 64, 70, 87, 90, 91, 96, 106, 107, 108, 122, 124, 130, 137, 148, 153, 176, 184, 185]
x_168: [2, 7, 9, 32, 35, 41, 49, 70, 91, 106, 109, 122, 130, 181]
x_169: [8, 14, 18, 27, 53, 64, 81, 87, 91, 93, 96, 102, 106, 107, 121, 124, 143, 150, 151]
x_170: [1, 29, 34, 41, 44, 62, 63, 77, 84, 85, 93, 100, 103, 104, 117, 132, 147, 151, 153, 154, 155, 158, 181, 183, 197]
x_171: [6, 20, 26, 52, 65, 92, 94, 95, 98, 112, 127, 134, 135, 162, 193]
x_172: [3, 8, 21, 27, 30, 32, 35, 46, 52, 55, 57, 76, 88, 91, 94, 122, 124, 130, 136, 138, 185, 186, 188]
x_173: [28, 29, 44, 64, 65, 85, 86, 103, 131, 138, 140, 160, 178, 191]
x_174: [3, 5, 7, 18, 21, 29, 60, 68, 80, 81, 89, 100, 104, 106, 115, 116, 124, 127, 148, 150, 166, 175, 180, 185, 188, 194]
x_175: [37, 44, 55, 65, 67, 71, 72, 85, 101, 161, 162, 174, 184, 190, 196, 198]
x_176: [9, 19, 39, 61, 62, 67, 73, 85, 86, 103, 107, 112, 141, 154, 156, 167, 177, 200]
x_177: [7, 8, 27, 35, 40, 60, 62, 71, 78, 80, 90, 102, 127, 134, 164, 176, 185, 194]
x_178: [2, 3, 4, 5, 21, 52, 54, 81, 83, 120, 138, 144, 154, 173]
x_179: [3, 50, 67, 72, 80, 132, 137, 142, 152, 190, 199]
x_180: [4, 5, 16, 18, 21, 24, 29, 33, 38, 58, 76, 81, 90, 91, 94, 104, 116, 121, 127, 174, 186, 195]
x_181: [2, 6, 7, 9, 12, 21, 24, 41, 52, 87, 88, 98, 125, 128, 134, 138, 159, 166, 168, 170, 186, 193, 194]
x_182: [2, 3, 8, 22, 35, 40, 43, 49, 63, 66, 69, 71, 77, 81, 90, 96, 120, 127, 128, 130, 143, 157, 166]
x_183: [4, 8, 10, 12, 23, 30, 35, 37, 60, 72, 79, 90, 92, 97, 100, 101, 107, 110, 116, 129, 138, 153, 159, 163, 170, 185, 188, 193]
x_184: [8, 26, 34, 37, 38, 49, 58, 60, 88, 91, 95, 97, 114, 137, 148, 150, 167, 175, 188]
x_185: [26, 65, 75, 78, 90, 93, 111, 137, 160, 167, 172, 174, 177, 183, 187, 191, 196]
x_186: [1, 9, 22, 28, 34, 39, 48, 53, 63, 84, 91, 104, 128, 132, 146, 152, 155, 158, 164, 172, 180, 181, 187, 189, 191, 199, 200]
x_187: [18, 23, 37, 48, 64, 71, 75, 79, 92, 107, 112, 121, 130, 136, 138, 153, 158, 185, 186]
x_188: [31, 39, 44, 51, 55, 63, 67, 73, 74, 82, 103, 105, 111, 113, 114, 129, 132, 135, 142, 146, 147, 149, 151, 165, 172, 174, 183, 184, 192, 196]
x_189: [8, 10, 28, 30, 37, 38, 54, 87, 89, 92, 94, 99, 120, 123, 138, 141, 159, 186, 194]
x_190: [3, 7, 11, 17, 21, 38, 40, 56, 86, 96, 107, 108, 109, 112, 113, 128, 133, 138, 139, 150, 175, 179, 192, 199]
x_191: [4, 6, 30, 33, 46, 56, 59, 68, 69, 73, 79, 83, 87, 92, 94, 97, 98, 99, 110, 119, 126, 157, 173, 185, 186]
x_192: [10, 12, 24, 33, 43, 46, 52, 64, 70, 71, 83, 86, 90, 91, 92, 99, 113, 130, 150, 157, 188, 190, 199]
x_193: [1, 23, 41, 67, 73, 93, 111, 126, 140, 149, 160, 171, 181, 183, 194, 197]
x_194: [13, 19, 23, 44, 50, 51, 53, 73, 74, 75, 131, 149, 174, 177, 181, 189, 193]
x_195: [9, 13, 22, 25, 28, 39, 40, 42, 55, 69, 77, 101, 117, 119, 123, 140, 151, 155, 156, 158, 180, 198]
x_196: [2, 16, 21, 35, 80, 97, 113, 125, 143, 147, 148, 155, 166, 175, 185, 188, 197]
x_197: [5, 10, 11, 24, 54, 59, 64, 66, 94, 98, 112, 113, 130, 134, 136, 138, 147, 153, 155, 163, 170, 193, 196]
x_198: [2, 3, 13, 17, 26, 30, 33, 38, 42, 60, 66, 68, 89, 95, 98, 112, 115, 122, 127, 130, 131, 163, 175, 195]
x_199: [3, 4, 10, 56, 66, 76, 86, 89, 96, 106, 113, 127, 179, 186, 190, 192]
x_200: [2, 4, 5, 47, 56, 85, 98, 105, 106, 109, 124, 130, 163, 176, 186]