400
1 1 1 1 1 1 1 1 1 1 1 1 1 1 1 1 1 1 1 1 1 1 1 1 1 1 1 1 1 1 1 1 1 1 1 1 1 1 1 1 1 1 1 1 1 1 1 1 1 1 1 1 1 1 1 1 1 1 1 1 1 1 1 1 1 1 1 1 1 1 1 1 1 1 1 1 1 1 1 1 1 1 1 1 1 1 1 1 1 1 1 1 1 1 1 1 1 1 1 1 1 1 1 1 1 1 1 1 1 1 1 1 1 1 1 1 1 1 1 1 1 1 1 1 1 1 1 1 1 1 1 1 1 1 1 1 1 1 1 1 1 1 1 1 1 1 1 1 1 1 1 1 1 1 1 1 1 1 1 1 1 1 1 1 1 1 1 1 1 1 1 1 1 1 1 1 1 1 1 1 1 1 1 1 1 1 1 1 1 1 1 1 1 1 1 1 1 1 1 1 1 1 1 1 1 1 1 1 1 1 1 1 1 1 1 1 1 1 1 1 1 1 1 1 1 1 1 1 1 1 1 1 1 1 1 1 1 1 1 1 1 1 1 1 1 1 1 1 1 1 1 1 1 1 1 1 1 1 1 1 1 1 1 1 1 1 1 1 1 1 1 1 1 1 1 1 1 1 1 1 1 1 1 1 1 1 1 1 1 1 1 1 1 1 1 1 1 1 1 1 1 1 1 1 1 1 1 1 1 1 1 1 1 1 1 1 1 1 1 1 1 1 1 1 1 1 1 1 1 1 1 1 1 1 1 1 1 1 1 1 1 1 1 1 1 1 1 1 1 1 1 1 1 1 1 1 1 1 1 1 1 1 1 1 1 1 1 1 1 1 1 1 1 1 1 1 1 1 1 1 1 1 1 1 1 1 1 1 1 1 1 1 1 1 1 1 1 1 1 1
x_1: [34, 39, 40, 42, 43, 53, 58, 62, 67, 74, 87, 102, 147, 154, 162, 165, 166, 168, 175, 177, 200, 201, 231, 245, 248, 249, 255, 275, 276, 283, 284, 303, 315, 316, 323, 326, 342, 353, 369, 381, 398, 399, 400]
x_2: [6, 16, 37, 44, 51, 55, 57, 63, 70, 75, 82, 84, 91, 103, 109, 119, 127, 130, 144, 151, 212, 243, 246, 251, 252, 260, 282, 294, 306, 314, 325, 348, 350, 367, 373, 376, 382, 383, 386, 395]
x_3: [24, 33, 63, 75, 81, 91, 92, 97, 103, 120, 125, 140, 153, 155, 159, 179, 216, 217, 218, 227, 233, 236, 257, 286, 295, 307, 310, 314, 317, 321, 325, 332, 339, 341, 345, 352, 367, 372, 395]
x_4: [14, 21, 71, 75, 92, 105, 125, 138, 146, 163, 166, 172, 186, 187, 202, 203, 227, 236, 243, 263, 267, 281, 285, 290, 292, 320, 329, 341, 352, 353, 360, 376, 380, 381, 388, 393, 395]
x_5: [12, 13, 16, 19, 37, 60, 83, 92, 95, 107, 122, 124, 133, 140, 149, 153, 157, 158, 159, 165, 173, 180, 183, 191, 236, 250, 254, 257, 266, 267, 274, 298, 309, 331, 337, 339, 345, 352, 366, 367, 372, 378, 381, 383, 389]
x_6: [2, 14, 21, 24, 30, 32, 44, 50, 63, 75, 90, 92, 109, 113, 127, 144, 151, 156, 165, 169, 202, 206, 218, 243, 252, 257, 267, 269, 285, 310, 321, 324, 354, 357, 360, 363, 365, 372, 378, 381, 391]
x_7: [52, 55, 63, 72, 86, 94, 105, 138, 140, 146, 156, 186, 187, 188, 192, 203, 219, 225, 229, 235, 237, 270, 276, 279, 306, 307, 312, 317, 329, 332, 345, 357, 377, 378, 380, 383]
x_8: [10, 12, 42, 48, 59, 78, 98, 101, 110, 115, 122, 136, 149, 166, 194, 199, 205, 211, 217, 231, 242, 248, 255, 293, 301, 308, 330, 340, 342, 346, 355, 382, 390, 394, 399]
x_9: [16, 27, 30, 40, 46, 68, 80, 91, 97, 99, 105, 107, 124, 137, 146, 147, 149, 155, 179, 188, 202, 204, 227, 229, 236, 257, 263, 270, 279, 294, 307, 317, 353, 354, 362, 365, 376, 385, 392, 393]
x_10: [8, 13, 23, 45, 64, 70, 80, 84, 92, 93, 94, 99, 107, 117, 121, 127, 140, 150, 169, 179, 204, 209, 218, 229, 232, 236, 237, 246, 279, 292, 295, 304, 305, 306, 307, 313, 326, 328, 344, 357, 359, 372, 392]
x_11: [27, 29, 44, 45, 56, 64, 71, 86, 92, 105, 120, 121, 124, 146, 150, 151, 159, 176, 181, 218, 248, 251, 258, 266, 271, 285, 292, 295, 298, 299, 300, 321, 325, 329, 337, 340, 347, 360, 363, 365, 372, 381, 384, 385, 386, 393]
x_12: [5, 8, 40, 49, 53, 60, 62, 81, 85, 112, 149, 162, 164, 168, 170, 182, 193, 195, 196, 207, 210, 219, 220, 239, 265, 275, 278, 284, 286, 291, 319, 346, 349, 356, 371, 379, 382, 394, 398, 400]
x_13: [5, 10, 28, 36, 41, 42, 43, 59, 61, 66, 73, 78, 81, 109, 118, 128, 152, 164, 169, 197, 199, 209, 211, 240, 256, 262, 264, 291, 293, 330, 347, 355, 361, 362, 364, 369, 390, 397, 398]
x_14: [4, 6, 15, 28, 34, 39, 42, 62, 74, 85, 88, 89, 94, 96, 98, 106, 112, 135, 151, 171, 195, 196, 197, 207, 209, 219, 226, 255, 265, 268, 273, 278, 287, 290, 293, 302, 308, 313, 315, 330, 342, 343, 349, 351, 355, 361, 362, 379, 398]
x_15: [14, 20, 28, 35, 40, 43, 47, 48, 53, 74, 87, 94, 96, 116, 126, 128, 135, 147, 151, 168, 170, 171, 178, 189, 209, 213, 217, 226, 228, 235, 252, 261, 268, 276, 356, 361, 362, 379, 390, 398]
x_16: [2, 5, 9, 17, 36, 38, 50, 54, 68, 78, 98, 100, 110, 128, 167, 171, 177, 183, 184, 205, 209, 211, 217, 220, 222, 224, 230, 264, 291, 293, 303, 318, 320, 333, 351, 355, 362, 364, 374, 394, 396, 399]
x_17: [16, 23, 29, 30, 46, 74, 93, 99, 104, 127, 143, 151, 157, 181, 186, 202, 203, 206, 216, 225, 228, 232, 233, 241, 257, 263, 267, 270, 280, 282, 295, 306, 314, 332, 345, 353, 354, 367, 377, 381, 391, 395]
x_18: [22, 35, 60, 62, 66, 73, 87, 98, 103, 109, 116, 129, 147, 152, 174, 182, 190, 195, 204, 205, 213, 220, 224, 248, 256, 262, 272, 276, 277, 283, 287, 303, 308, 311, 315, 335, 368, 371, 389, 392, 397]
x_19: [5, 38, 43, 54, 59, 60, 61, 73, 76, 78, 89, 96, 112, 114, 115, 116, 117, 134, 148, 155, 162, 190, 193, 194, 199, 201, 207, 220, 221, 242, 320, 333, 340, 358, 363, 368]
x_20: [15, 32, 41, 44, 55, 56, 80, 90, 92, 93, 119, 121, 123, 125, 130, 143, 144, 153, 154, 159, 163, 172, 173, 179, 198, 208, 210, 212, 215, 236, 243, 246, 257, 263, 271, 279, 282, 285, 299, 305, 317, 341, 344, 347, 348, 354, 363, 380, 387, 393, 395]
x_21: [4, 6, 22, 47, 66, 92, 101, 112, 134, 144, 147, 160, 176, 178, 190, 193, 207, 210, 213, 217, 221, 225, 226, 231, 234, 240, 245, 252, 261, 272, 277, 278, 283, 284, 286, 287, 290, 293, 303, 311, 315, 320, 327, 330, 351, 361, 364, 368, 374, 399]
x_22: [18, 21, 31, 33, 37, 64, 75, 79, 86, 95, 103, 105, 113, 123, 125, 127, 130, 140, 143, 156, 165, 172, 186, 221, 237, 257, 263, 267, 271, 282, 294, 307, 309, 312, 322, 341, 343, 348, 351, 353, 357, 359, 367, 378, 381]
x_23: [10, 17, 26, 36, 49, 65, 89, 90, 96, 116, 118, 122, 152, 164, 167, 176, 178, 184, 185, 190, 193, 194, 209, 224, 240, 242, 250, 256, 261, 277, 293, 297, 302, 327, 333, 342, 362]
x_24: [3, 6, 35, 36, 49, 67, 73, 76, 77, 85, 87, 96, 111, 135, 141, 142, 200, 211, 221, 230, 239, 242, 249, 255, 262, 268, 273, 275, 276, 286, 287, 299, 300, 332, 346, 355, 362, 364, 369, 394]
x_25: [26, 35, 40, 58, 73, 84, 96, 98, 112, 116, 118, 128, 142, 152, 154, 161, 164, 178, 190, 195, 196, 210, 211, 223, 224, 226, 229, 245, 248, 249, 262, 265, 272, 276, 278, 283, 287, 297, 303, 306, 323, 326, 333, 351, 399, 400]
x_26: [23, 25, 31, 33, 44, 57, 68, 75, 79, 90, 91, 127, 133, 139, 140, 143, 156, 186, 195, 216, 229, 238, 257, 266, 269, 274, 292, 303, 306, 319, 331, 347, 354, 367, 370, 372, 383, 391]
x_27: [9, 11, 34, 35, 39, 53, 96, 100, 132, 138, 148, 189, 194, 198, 199, 226, 253, 261, 268, 277, 286, 290, 301, 320, 325, 327, 330, 334, 335, 342, 355, 356, 370, 379, 399]
x_28: [13, 14, 15, 31, 37, 44, 46, 62, 80, 102, 121, 127, 133, 151, 185, 187, 191, 208, 233, 236, 258, 259, 291, 292, 294, 300, 309, 337, 344, 347, 377, 383, 386]
x_29: [11, 17, 54, 67, 81, 85, 96, 106, 108, 111, 116, 126, 142, 152, 177, 234, 247, 272, 318, 323, 331, 335, 339, 352, 356, 362, 371, 375, 396]
x_30: [6, 9, 17, 38, 39, 48, 54, 59, 60, 96, 98, 102, 106, 109, 112, 128, 148, 171, 199, 227, 230, 238, 239, 248, 255, 279, 284, 297, 302, 318, 330, 333, 351, 356, 362, 394]
x_31: [22, 26, 28, 34, 35, 61, 64, 66, 74, 89, 102, 107, 141, 160, 164, 178, 194, 195, 234, 245, 261, 268, 280, 288, 290, 313, 318, 323, 333, 335, 343, 349, 356, 358, 362, 375, 385]
x_32: [6, 20, 35, 47, 62, 77, 114, 116, 126, 129, 133, 134, 135, 136, 161, 167, 168, 171, 175, 182, 194, 210, 214, 221, 223, 231, 234, 235, 236, 247, 267, 273, 275, 277, 289, 290, 302, 315, 351, 358, 364, 390, 394, 400]
x_33: [3, 22, 26, 40, 43, 55, 59, 88, 129, 132, 135, 141, 160, 189, 195, 196, 199, 214, 239, 251, 252, 255, 265, 272, 280, 281, 288, 289, 290, 311, 330, 338, 346, 375, 398]
x_34: [1, 14, 27, 31, 44, 52, 58, 69, 70, 123, 145, 150, 155, 162, 181, 183, 202, 215, 216, 237, 239, 250, 258, 259, 260, 271, 281, 285, 295, 325, 344, 347, 352, 360, 372, 385, 386, 392, 393]
x_35: [15, 18, 24, 25, 27, 31, 32, 63, 91, 123, 133, 144, 149, 157, 183, 187, 188, 193, 200, 208, 216, 241, 250, 251, 258, 260, 266, 267, 281, 282, 285, 292, 295, 296, 306, 307, 309, 314, 321, 322, 325, 339, 347, 361, 363, 380, 385]
x_36: [13, 16, 23, 24, 66, 75, 83, 92, 104, 117, 138, 139, 155, 156, 157, 163, 175, 192, 225, 236, 251, 267, 274, 285, 312, 322, 332, 337, 342, 344, 345, 353, 357, 359, 366, 378, 386, 387, 391, 392]
x_37: [2, 5, 22, 28, 42, 59, 66, 67, 76, 81, 87, 102, 106, 109, 118, 126, 134, 141, 154, 156, 161, 189, 190, 209, 220, 221, 222, 228, 230, 241, 242, 255, 277, 293, 313, 326, 330, 340, 343, 356, 362, 379, 391, 394]
x_38: [16, 19, 30, 50, 51, 55, 57, 68, 77, 82, 84, 92, 97, 99, 107, 111, 130, 140, 146, 159, 163, 188, 204, 236, 246, 255, 269, 279, 294, 295, 336, 339, 341, 354, 360, 372]
x_39: [1, 14, 27, 30, 44, 64, 75, 91, 94, 99, 127, 137, 149, 158, 181, 215, 218, 229, 232, 233, 250, 263, 270, 289, 300, 310, 312, 325, 328, 331, 341, 380, 382, 383, 390, 399]
x_40: [1, 9, 12, 15, 25, 33, 46, 70, 72, 79, 92, 103, 104, 113, 123, 127, 144, 147, 151, 153, 155, 156, 159, 172, 188, 192, 203, 206, 212, 225, 227, 237, 258, 259, 263, 267, 292, 294, 305, 307, 360, 362, 378]
x_41: [13, 20, 42, 53, 58, 62, 87, 88, 109, 126, 129, 142, 147, 160, 162, 169, 170, 174, 219, 220, 224, 245, 252, 268, 275, 278, 280, 288, 290, 315, 318, 334, 335, 347, 349, 355, 362, 379, 394]
x_42: [1, 8, 13, 14, 37, 41, 44, 50, 57, 71, 79, 82, 110, 120, 127, 145, 146, 159, 169, 172, 179, 181, 191, 213, 257, 266, 282, 288, 294, 314, 332, 337, 341, 377, 382, 383, 387, 388]
x_43: [1, 13, 15, 19, 33, 56, 57, 69, 72, 75, 78, 82, 84, 89, 99, 121, 127, 130, 133, 137, 145, 155, 158, 182, 187, 203, 236, 237, 257, 258, 292, 298, 309, 317, 328, 348, 365, 370, 395]
x_44: [2, 6, 11, 20, 26, 28, 34, 39, 42, 47, 49, 51, 74, 88, 108, 115, 128, 129, 136, 161, 168, 178, 182, 188, 193, 211, 213, 226, 231, 237, 245, 247, 252, 265, 283, 286, 288, 302, 303, 338, 374, 389]
x_45: [10, 11, 53, 62, 65, 66, 67, 85, 112, 126, 131, 134, 142, 147, 154, 161, 177, 178, 182, 196, 213, 222, 228, 240, 244, 268, 274, 280, 283, 289, 290, 305, 308, 318, 326, 364, 375, 389, 390, 400]
x_46: [9, 17, 28, 40, 60, 67, 81, 87, 98, 108, 109, 110, 115, 129, 142, 167, 176, 186, 189, 194, 215, 224, 235, 239, 245, 268, 277, 286, 287, 290, 311, 316, 320, 326, 335, 338, 346, 350, 371, 399]
x_47: [15, 21, 32, 44, 51, 53, 59, 71, 80, 82, 83, 92, 93, 95, 119, 125, 138, 140, 144, 145, 150, 156, 173, 185, 186, 203, 206, 238, 246, 250, 331, 350, 357, 359, 360, 365, 377, 388, 394]
x_48: [8, 15, 30, 55, 65, 71, 75, 82, 85, 93, 99, 124, 136, 140, 153, 156, 173, 185, 186, 202, 206, 208, 216, 218, 229, 232, 237, 243, 244, 251, 257, 269, 298, 304, 306, 309, 339, 341, 353, 367, 380, 382, 387, 391, 395]
x_49: [12, 23, 24, 44, 63, 94, 99, 116, 156, 169, 180, 185, 186, 187, 202, 203, 212, 218, 230, 233, 236, 251, 254, 263, 271, 283, 285, 304, 306, 310, 312, 314, 325, 341, 345, 347, 350, 354, 363, 376, 386, 388, 392]
x_50: [6, 16, 38, 42, 53, 54, 58, 67, 68, 85, 88, 89, 96, 101, 129, 132, 160, 170, 175, 177, 183, 196, 199, 201, 209, 221, 223, 224, 239, 245, 248, 262, 264, 272, 288, 301, 302, 315, 323, 330, 343, 351, 355, 362, 371, 379]
x_51: [2, 38, 44, 47, 59, 61, 66, 73, 77, 78, 89, 118, 128, 141, 160, 164, 170, 176, 184, 188, 201, 226, 230, 235, 237, 255, 256, 262, 265, 277, 284, 302, 338, 355, 358, 361, 399]
x_52: [7, 34, 56, 62, 73, 76, 85, 96, 102, 111, 115, 116, 126, 148, 172, 175, 177, 210, 211, 214, 222, 223, 242, 252, 273, 286, 289, 304, 311, 316, 318, 323, 364, 375, 397, 399]
x_53: [1, 12, 15, 27, 41, 45, 47, 50, 59, 71, 72, 93, 95, 97, 103, 113, 144, 155, 157, 158, 173, 181, 187, 216, 237, 244, 258, 281, 292, 324, 329, 380, 384, 391, 394]
x_54: [16, 19, 29, 30, 50, 57, 64, 68, 71, 91, 93, 95, 103, 104, 113, 120, 134, 143, 144, 156, 183, 204, 229, 243, 257, 266, 270, 294, 298, 304, 312, 322, 331, 337, 347, 353, 357, 372, 374, 376, 381, 384, 386, 387, 388, 400]
x_55: [2, 7, 20, 33, 38, 48, 60, 65, 77, 81, 100, 101, 112, 114, 141, 152, 170, 177, 184, 205, 219, 228, 235, 242, 248, 251, 262, 264, 281, 291, 301, 323, 327, 338, 349, 351, 356, 364, 390, 394, 397]
x_56: [11, 20, 43, 52, 59, 100, 142, 154, 166, 167, 171, 172, 193, 198, 207, 210, 221, 223, 230, 234, 235, 252, 273, 275, 290, 304, 308, 311, 326, 327, 333, 349, 371, 374]
x_57: [2, 26, 38, 42, 43, 54, 58, 61, 78, 99, 112, 135, 136, 173, 189, 196, 200, 234, 255, 261, 265, 286, 330, 342, 343, 349, 351, 364, 367, 369, 390, 394, 397]
x_58: [1, 25, 34, 41, 50, 57, 63, 70, 90, 91, 95, 119, 120, 127, 137, 138, 139, 156, 162, 173, 180, 202, 218, 229, 233, 236, 239, 243, 279, 309, 312, 336, 357, 360, 366, 380, 381, 386, 392]
x_59: [8, 13, 19, 30, 33, 37, 47, 51, 53, 56, 70, 94, 124, 125, 133, 138, 146, 150, 173, 183, 185, 244, 246, 260, 279, 281, 300, 321, 341, 347, 382, 394, 395]
x_60: [5, 12, 18, 19, 30, 46, 55, 71, 95, 122, 123, 130, 156, 159, 165, 169, 172, 179, 180, 183, 187, 191, 206, 229, 251, 267, 295, 300, 331, 341, 350, 354, 359, 370, 389, 395]
x_61: [13, 19, 31, 51, 57, 70, 72, 83, 84, 105, 120, 121, 123, 137, 143, 156, 160, 161, 169, 179, 187, 191, 206, 212, 229, 238, 254, 259, 266, 267, 269, 282, 285, 307, 309, 314, 317, 321, 323, 329, 331, 352, 354, 359, 365, 373, 376, 384, 391, 393, 395]
x_62: [1, 12, 14, 18, 28, 32, 41, 45, 52, 63, 70, 93, 95, 102, 120, 169, 172, 181, 185, 215, 232, 241, 250, 258, 266, 274, 291, 295, 314, 339, 345, 382, 383, 388, 393]
x_63: [2, 3, 6, 7, 35, 49, 58, 62, 78, 88, 100, 110, 111, 129, 160, 194, 195, 197, 199, 219, 220, 222, 223, 224, 231, 232, 245, 288, 289, 319, 323, 327, 328, 342, 343, 369, 378, 394]
x_64: [10, 11, 22, 31, 39, 54, 73, 78, 85, 101, 107, 111, 128, 152, 162, 170, 178, 189, 194, 196, 209, 211, 213, 214, 219, 242, 245, 272, 276, 283, 288, 289, 290, 301, 311, 316, 349, 364, 375, 385]
x_65: [23, 45, 48, 55, 80, 84, 85, 90, 92, 97, 103, 107, 121, 130, 136, 151, 153, 157, 165, 179, 188, 192, 243, 259, 269, 300, 305, 328, 337, 354, 383, 388, 392]
x_66: [13, 18, 21, 31, 36, 37, 45, 51, 72, 94, 95, 99, 103, 117, 127, 137, 143, 149, 151, 159, 173, 175, 180, 183, 204, 229, 233, 260, 269, 270, 296, 299, 305, 322, 325, 342, 376, 384, 385]
x_67: [1, 24, 29, 37, 45, 46, 50, 82, 119, 121, 125, 144, 149, 151, 170, 172, 173, 180, 202, 237, 241, 244, 250, 260, 265, 270, 282, 284, 292, 300, 348, 363, 365, 372, 381, 384, 391]
x_68: [9, 16, 26, 38, 50, 54, 73, 76, 78, 87, 100, 106, 116, 132, 136, 166, 168, 174, 175, 177, 183, 184, 195, 214, 234, 245, 262, 264, 278, 287, 289, 293, 315, 318, 320, 323, 326, 330, 343, 355, 364, 394, 400]
x_69: [34, 43, 73, 74, 77, 85, 106, 141, 147, 150, 160, 161, 170, 174, 175, 194, 197, 200, 219, 222, 224, 226, 228, 234, 239, 249, 252, 255, 273, 275, 278, 287, 288, 289, 298, 312, 355, 369, 375, 394]
x_70: [2, 10, 34, 40, 58, 59, 61, 62, 74, 100, 131, 137, 142, 162, 190, 194, 201, 207, 209, 213, 217, 221, 234, 249, 270, 273, 283, 286, 322, 338, 340, 349, 364, 397, 398]
x_71: [4, 11, 42, 47, 48, 53, 54, 60, 81, 85, 98, 131, 132, 147, 159, 161, 162, 171, 174, 196, 198, 205, 209, 228, 234, 245, 248, 252, 254, 268, 275, 288, 315, 320, 334, 364, 375, 388]
x_72: [7, 40, 43, 53, 61, 66, 77, 81, 96, 115, 118, 130, 136, 139, 154, 160, 168, 174, 224, 231, 262, 273, 286, 288, 289, 290, 293, 302, 321, 323, 368, 375, 398, 400]
x_73: [13, 18, 19, 24, 25, 51, 52, 64, 68, 69, 75, 91, 112, 117, 124, 127, 130, 156, 157, 186, 187, 192, 203, 204, 214, 229, 254, 258, 259, 263, 271, 293, 317, 344, 348, 354, 377, 378, 385, 391]
x_74: [1, 14, 15, 17, 31, 44, 69, 70, 84, 95, 105, 125, 144, 145, 155, 163, 165, 192, 212, 216, 218, 227, 228, 237, 238, 244, 251, 279, 280, 285, 295, 298, 299, 321, 325, 339, 348, 350, 352, 365, 370, 373, 382, 384, 388]
x_75: [2, 3, 4, 6, 22, 26, 36, 39, 43, 48, 73, 77, 78, 88, 93, 102, 115, 141, 145, 168, 174, 213, 217, 228, 239, 253, 313, 327, 330, 335, 346, 355, 364, 369, 393, 399]
x_76: [19, 24, 37, 52, 68, 80, 83, 97, 119, 120, 124, 137, 139, 140, 151, 169, 181, 215, 216, 218, 237, 245, 246, 250, 257, 258, 259, 274, 285, 298, 301, 308, 357, 360, 370, 377, 381, 382]
x_77: [24, 32, 38, 51, 55, 69, 72, 75, 80, 92, 95, 107, 111, 113, 127, 133, 144, 146, 153, 157, 173, 186, 203, 212, 218, 246, 250, 251, 255, 263, 269, 282, 295, 296, 341, 353, 357, 363, 365, 366, 367, 386]
x_78: [8, 13, 16, 19, 43, 51, 57, 63, 64, 68, 75, 84, 89, 95, 107, 113, 120, 125, 127, 145, 153, 163, 182, 212, 225, 243, 246, 257, 259, 267, 271, 279, 281, 299, 331, 332, 336, 366, 381, 388, 391]
x_79: [22, 26, 40, 42, 102, 112, 135, 136, 147, 177, 192, 194, 196, 200, 205, 210, 219, 228, 247, 249, 253, 257, 264, 273, 276, 287, 291, 293, 313, 315, 318, 337, 340, 349, 351, 389, 399, 400]
x_80: [9, 10, 20, 28, 47, 65, 76, 77, 89, 126, 136, 141, 148, 152, 171, 177, 208, 211, 222, 240, 262, 264, 291, 296, 301, 303, 320, 327, 335, 338, 362, 373, 390, 396, 398]
x_81: [3, 12, 13, 29, 37, 46, 55, 71, 72, 83, 91, 105, 107, 113, 121, 140, 150, 165, 172, 185, 202, 212, 217, 225, 233, 236, 237, 250, 257, 267, 279, 282, 286, 295, 305, 328, 332, 337, 344, 353, 357, 367, 382, 384, 391]
x_82: [2, 38, 42, 43, 47, 48, 67, 96, 112, 132, 152, 166, 175, 213, 219, 239, 249, 252, 268, 269, 271, 275, 291, 303, 315, 324, 327, 333, 342, 343, 349, 351, 362, 379, 400]
x_83: [5, 36, 47, 61, 76, 81, 91, 95, 96, 100, 148, 152, 160, 164, 177, 184, 197, 200, 207, 213, 217, 224, 239, 261, 262, 301, 307, 308, 313, 316, 340, 361, 368, 369, 394]
x_84: [2, 10, 25, 38, 43, 61, 65, 74, 78, 88, 101, 102, 109, 118, 134, 147, 174, 176, 182, 194, 198, 199, 229, 230, 234, 235, 248, 261, 276, 283, 306, 311, 316, 338, 346, 355, 369, 400]
x_85: [12, 14, 24, 29, 45, 48, 50, 52, 64, 65, 69, 71, 92, 95, 104, 119, 124, 136, 144, 150, 157, 163, 165, 173, 181, 188, 192, 237, 250, 263, 270, 279, 282, 328, 329, 337, 366, 373, 382, 385]
x_86: [7, 11, 22, 98, 100, 101, 106, 108, 111, 115, 116, 135, 168, 176, 184, 196, 209, 219, 224, 228, 231, 235, 249, 278, 280, 286, 291, 301, 303, 308, 318, 330, 334, 338, 341, 346, 356, 366, 368, 384, 397]
x_87: [1, 15, 18, 24, 37, 41, 46, 68, 95, 97, 99, 113, 155, 169, 185, 211, 212, 215, 241, 244, 250, 259, 270, 281, 285, 299, 300, 309, 314, 316, 322, 338, 352, 370, 382, 391, 392]
x_88: [14, 33, 41, 44, 50, 63, 75, 84, 97, 114, 123, 138, 140, 143, 146, 173, 185, 202, 203, 226, 243, 246, 250, 251, 258, 263, 266, 269, 275, 285, 357, 360, 366, 378]
x_89: [14, 19, 23, 31, 43, 50, 51, 78, 80, 94, 121, 133, 138, 182, 186, 212, 243, 254, 257, 292, 298, 304, 306, 317, 322, 324, 336, 344, 347, 357, 360, 366, 367, 378, 384, 388, 391]
x_90: [6, 20, 23, 26, 58, 65, 112, 135, 136, 167, 171, 185, 189, 197, 198, 205, 207, 211, 213, 220, 231, 234, 239, 250, 252, 289, 297, 333, 342, 351, 371]
x_91: [2, 3, 9, 26, 35, 39, 54, 58, 73, 81, 83, 95, 96, 116, 131, 134, 135, 141, 162, 164, 177, 189, 193, 198, 201, 222, 223, 230, 262, 280, 288, 289, 307, 311, 330, 335, 342, 343, 355, 364, 371]
x_92: [3, 4, 5, 6, 10, 11, 20, 21, 36, 38, 40, 47, 65, 77, 85, 102, 110, 114, 116, 126, 134, 135, 136, 144, 152, 175, 176, 178, 184, 196, 197, 207, 211, 213, 223, 225, 252, 255, 264, 268, 273, 276, 277, 278, 293, 303, 316, 318, 351, 397]
x_93: [10, 17, 20, 47, 48, 53, 54, 62, 75, 98, 100, 108, 115, 129, 135, 145, 148, 164, 177, 182, 198, 207, 210, 220, 245, 248, 262, 278, 283, 288, 290, 302, 308, 315, 318, 356, 364, 390, 393, 396, 398, 399]
x_94: [7, 10, 14, 15, 39, 49, 59, 66, 89, 96, 98, 100, 101, 112, 134, 148, 151, 152, 160, 168, 170, 171, 190, 220, 222, 255, 284, 297, 303, 318, 334, 340, 351, 362, 368, 390]
x_95: [5, 22, 47, 53, 54, 58, 60, 62, 66, 74, 77, 78, 83, 85, 87, 91, 96, 109, 122, 126, 129, 132, 142, 161, 175, 182, 184, 195, 197, 199, 207, 209, 213, 214, 219, 220, 253, 275, 276, 284, 287, 288, 289, 291, 302, 307, 311, 349, 362, 374, 379, 390, 400]
x_96: [14, 15, 19, 23, 24, 25, 27, 29, 30, 50, 52, 72, 82, 83, 91, 94, 95, 107, 133, 155, 169, 201, 202, 203, 204, 218, 225, 227, 229, 233, 236, 240, 243, 244, 254, 268, 274, 282, 295, 299, 300, 306, 310, 324, 325, 332, 337, 344, 352, 353, 367, 387]
x_97: [3, 9, 38, 53, 65, 76, 87, 88, 102, 108, 115, 122, 126, 131, 158, 176, 182, 190, 195, 196, 203, 210, 212, 214, 235, 249, 252, 275, 297, 301, 315, 327, 335, 338, 349, 355, 356, 361, 396, 400]
x_98: [8, 14, 16, 18, 25, 30, 46, 71, 86, 93, 94, 104, 127, 138, 140, 142, 151, 156, 157, 159, 172, 183, 197, 203, 236, 241, 254, 272, 274, 279, 294, 304, 309, 350, 354, 360, 365, 367, 382, 386, 391, 392]
x_99: [9, 10, 17, 38, 39, 43, 48, 49, 57, 66, 87, 115, 116, 126, 131, 136, 147, 162, 164, 167, 171, 173, 177, 184, 189, 196, 234, 247, 264, 268, 272, 273, 275, 276, 277, 286, 287, 297, 301, 333, 367, 369, 371, 375]
x_100: [16, 27, 55, 56, 63, 68, 70, 83, 86, 93, 94, 117, 120, 125, 143, 146, 157, 165, 174, 179, 180, 215, 218, 225, 227, 229, 231, 236, 238, 244, 246, 257, 259, 267, 271, 279, 294, 304, 305, 310, 311, 312, 317, 332, 337, 354, 376, 377, 383]
x_101: [8, 21, 50, 55, 64, 84, 86, 94, 103, 117, 123, 130, 140, 146, 153, 155, 165, 171, 180, 181, 203, 232, 238, 270, 279, 294, 296, 300, 312, 332, 344, 346, 352, 354, 359, 367, 370, 371, 376, 386]
x_102: [1, 28, 30, 31, 37, 52, 62, 75, 79, 84, 92, 97, 123, 137, 140, 143, 149, 156, 173, 206, 225, 233, 237, 246, 254, 257, 258, 259, 263, 266, 269, 270, 274, 279, 285, 291, 299, 305, 312, 317, 328, 339, 357, 359, 365, 381, 387, 388, 392]
x_103: [2, 3, 18, 22, 40, 53, 54, 65, 66, 101, 109, 118, 126, 128, 129, 152, 166, 171, 178, 194, 200, 204, 207, 209, 210, 211, 248, 252, 272, 286, 288, 289, 297, 302, 303, 311, 326, 343, 355, 389, 392, 394]
x_104: [17, 36, 40, 54, 85, 98, 109, 132, 136, 152, 154, 163, 168, 175, 190, 193, 194, 195, 199, 201, 214, 253, 256, 260, 265, 268, 273, 275, 277, 289, 290, 294, 301, 302, 303, 326, 346, 361, 390]
x_105: [4, 7, 9, 11, 22, 61, 74, 81, 108, 126, 134, 136, 142, 166, 189, 200, 201, 214, 217, 220, 223, 228, 240, 242, 256, 262, 276, 280, 284, 286, 287, 288, 289, 292, 302, 303, 308, 316, 323, 330, 334, 336, 349, 364, 371, 387, 389]
x_106: [14, 29, 30, 37, 68, 69, 86, 123, 132, 186, 199, 212, 225, 229, 262, 271, 304, 312, 314, 324, 328, 332, 377, 380, 385]
x_107: [5, 9, 10, 31, 38, 64, 65, 77, 78, 81, 96, 114, 118, 126, 141, 152, 170, 171, 176, 178, 197, 209, 230, 231, 239, 240, 242, 261, 280, 302, 308, 313, 320, 334, 338, 340, 374, 385, 394, 397]
x_108: [29, 44, 46, 86, 93, 97, 105, 123, 125, 126, 144, 146, 157, 158, 163, 173, 212, 215, 251, 258, 279, 324, 330, 345, 350, 360, 366, 373, 382, 397]
x_109: [2, 6, 13, 18, 30, 37, 41, 46, 84, 95, 103, 104, 127, 172, 186, 191, 202, 206, 233, 237, 252, 257, 271, 331, 337, 345, 348, 352, 357, 384, 387, 388, 393]
x_110: [8, 16, 42, 46, 63, 92, 113, 133, 143, 145, 159, 169, 173, 185, 191, 204, 206, 208, 212, 213, 215, 216, 232, 241, 260, 270, 271, 288, 292, 304, 305, 307, 309, 312, 324, 331, 341, 357, 359, 363, 365, 373, 387, 391]
x_111: [24, 29, 38, 52, 63, 64, 77, 86, 117, 121, 125, 139, 145, 146, 151, 158, 159, 163, 185, 187, 218, 255, 258, 274, 281, 307, 310, 314, 322, 329, 344, 370, 373, 380, 384, 385, 386, 393]
x_112: [12, 14, 19, 21, 25, 30, 45, 55, 57, 73, 79, 82, 90, 94, 121, 130, 137, 155, 157, 181, 188, 206, 212, 214, 229, 232, 251, 260, 263, 270, 293, 299, 314, 322, 337, 347, 376, 378]
x_113: [6, 22, 40, 53, 54, 77, 78, 81, 87, 110, 122, 142, 153, 166, 167, 194, 196, 205, 207, 219, 224, 230, 234, 235, 240, 247, 248, 252, 253, 258, 265, 275, 278, 280, 289, 290, 302, 308, 310, 319, 338, 340]
x_114: [19, 32, 55, 88, 92, 107, 117, 119, 138, 145, 150, 151, 159, 179, 215, 225, 226, 232, 233, 237, 238, 271, 275, 292, 298, 300, 306, 314, 321, 324, 325, 345, 354, 357, 365, 380, 381, 382, 383, 388]
x_115: [8, 19, 44, 46, 52, 72, 75, 86, 93, 97, 99, 119, 120, 130, 133, 158, 163, 183, 204, 205, 206, 222, 223, 267, 270, 271, 274, 282, 294, 295, 296, 304, 305, 307, 321, 324, 331, 372, 386, 387]
x_116: [15, 18, 19, 23, 25, 29, 32, 49, 52, 68, 86, 91, 92, 99, 120, 121, 123, 127, 138, 140, 143, 149, 157, 159, 179, 183, 185, 187, 188, 202, 208, 229, 230, 232, 260, 269, 270, 281, 283, 295, 304, 309, 321, 322, 341, 345, 348, 350, 357, 360, 376, 377, 395]
x_117: [10, 19, 36, 66, 73, 100, 101, 111, 114, 129, 134, 135, 142, 147, 152, 155, 182, 184, 196, 197, 210, 223, 231, 245, 248, 252, 253, 255, 284, 287, 288, 311, 318, 326, 330, 363, 375, 379, 390, 398]
x_118: [13, 23, 25, 37, 51, 72, 84, 103, 107, 140, 143, 167, 168, 173, 181, 204, 216, 218, 244, 249, 258, 263, 282, 285, 294, 296, 305, 317, 322, 348, 352, 357, 363, 372, 373, 382, 393]
x_119: [2, 20, 47, 58, 67, 76, 85, 114, 115, 128, 132, 142, 171, 177, 189, 190, 195, 199, 210, 213, 223, 231, 234, 243, 247, 252, 255, 265, 287, 293, 303, 309, 311, 316, 334, 335, 355, 358, 364, 368, 371, 377, 394, 398, 400]
x_120: [3, 11, 42, 54, 58, 61, 62, 76, 78, 100, 115, 116, 134, 148, 152, 157, 166, 175, 182, 193, 217, 219, 221, 228, 231, 239, 246, 247, 261, 280, 283, 287, 288, 289, 302, 308, 356, 372, 375, 397]
x_121: [10, 11, 20, 28, 43, 61, 65, 67, 81, 89, 111, 112, 116, 127, 166, 184, 194, 196, 202, 205, 222, 234, 242, 249, 261, 266, 272, 273, 302, 303, 327, 342, 343, 368, 371, 390, 396, 399]
x_122: [5, 8, 23, 60, 95, 97, 113, 124, 143, 149, 186, 192, 202, 204, 208, 225, 236, 241, 258, 260, 266, 296, 312, 314, 321, 322, 339, 347, 354, 359, 363, 376, 386, 389]
x_123: [20, 22, 34, 35, 40, 60, 61, 88, 101, 102, 106, 108, 116, 131, 135, 140, 147, 162, 174, 175, 189, 195, 199, 201, 207, 210, 242, 248, 249, 256, 265, 278, 282, 284, 288, 314, 318, 326, 340, 343, 346, 368, 371]
x_124: [5, 9, 11, 48, 59, 73, 76, 85, 122, 131, 132, 136, 154, 168, 178, 179, 180, 184, 193, 195, 197, 210, 219, 222, 228, 234, 239, 261, 268, 289, 326, 327, 330, 348, 369, 375, 397, 400]
x_125: [3, 4, 20, 22, 47, 59, 67, 74, 78, 100, 108, 111, 126, 129, 166, 171, 182, 187, 191, 195, 213, 220, 245, 252, 264, 273, 275, 290, 303, 317, 318, 334, 351, 355, 368, 369, 389, 396, 398]
x_126: [15, 29, 32, 37, 41, 45, 52, 80, 92, 95, 97, 99, 103, 105, 107, 108, 125, 133, 137, 146, 150, 158, 183, 188, 203, 225, 227, 233, 244, 251, 259, 279, 294, 304, 309, 310, 314, 324, 325, 330, 339, 354, 357, 365, 386, 387, 397]
x_127: [2, 6, 10, 17, 22, 26, 28, 39, 40, 42, 43, 58, 66, 73, 77, 78, 98, 109, 116, 121, 141, 166, 170, 171, 176, 193, 197, 202, 205, 207, 209, 211, 221, 222, 228, 231, 235, 242, 248, 253, 266, 277, 293, 308, 313, 316, 323, 333, 346, 349, 356, 362, 369, 374, 390, 399]
x_128: [13, 15, 16, 25, 30, 44, 51, 64, 103, 119, 143, 146, 150, 156, 159, 165, 179, 186, 202, 208, 242, 243, 247, 251, 263, 267, 279, 305, 317, 324, 337, 339, 347, 353, 364, 370, 373, 385, 387, 391]
x_129: [18, 32, 33, 41, 44, 46, 50, 63, 93, 95, 103, 117, 125, 144, 149, 181, 183, 237, 263, 285, 299, 307, 324, 327, 328, 336, 344, 348, 352, 360, 366, 368, 380, 381, 382, 384, 396]
x_130: [2, 20, 22, 38, 43, 60, 65, 72, 73, 101, 112, 115, 139, 152, 160, 162, 166, 170, 177, 190, 193, 194, 198, 205, 217, 219, 220, 221, 228, 230, 242, 255, 264, 291, 293, 297, 301, 318, 321, 327, 330, 333, 334, 338, 346, 364, 369, 396]
x_131: [45, 70, 71, 91, 97, 99, 123, 124, 133, 137, 159, 165, 177, 180, 184, 203, 218, 236, 246, 250, 251, 258, 270, 281, 305, 307, 321, 325, 328, 341, 348, 365, 375, 376, 377, 381, 383]
x_132: [27, 33, 50, 68, 71, 82, 95, 104, 106, 119, 124, 144, 150, 163, 173, 199, 215, 218, 241, 243, 260, 262, 285, 292, 324, 328, 360, 366, 386]
x_133: [5, 26, 28, 32, 35, 43, 59, 77, 89, 96, 110, 115, 126, 131, 136, 148, 176, 177, 193, 213, 222, 228, 231, 236, 240, 264, 267, 273, 277, 286, 289, 291, 323, 326, 338, 346, 374, 399]
x_134: [19, 21, 32, 37, 45, 54, 84, 91, 92, 94, 105, 117, 120, 137, 169, 185, 186, 216, 225, 233, 246, 267, 269, 295, 296, 317, 332, 354, 357, 365, 367, 374, 376, 381, 387, 400]
x_135: [14, 15, 24, 32, 33, 57, 79, 86, 90, 91, 92, 93, 117, 123, 148, 173, 243, 244, 277, 279, 292, 324, 336, 347, 349, 350, 359, 363, 365, 384]
x_136: [8, 32, 44, 48, 57, 65, 68, 72, 79, 80, 85, 90, 92, 99, 104, 105, 124, 133, 137, 139, 157, 163, 165, 172, 180, 185, 186, 203, 208, 216, 218, 232, 233, 237, 254, 257, 263, 269, 282, 307, 312, 314, 331, 332, 352, 370, 376, 377, 380, 388, 391]
x_137: [9, 39, 43, 58, 61, 66, 70, 76, 102, 112, 126, 131, 134, 136, 160, 170, 171, 177, 184, 193, 199, 200, 221, 222, 242, 248, 270, 272, 301, 318, 320, 322, 323, 330, 334, 340]
x_138: [4, 7, 27, 36, 47, 58, 59, 88, 89, 98, 114, 116, 154, 170, 177, 197, 199, 211, 217, 255, 261, 277, 293, 301, 318, 323, 325, 330, 340, 368, 370, 374, 390, 396]
x_139: [26, 36, 58, 72, 76, 111, 130, 136, 147, 161, 166, 167, 189, 195, 198, 200, 201, 221, 222, 234, 262, 268, 283, 284, 287, 297, 301, 303, 315, 321, 323, 334, 342, 356, 369]
x_140: [3, 5, 7, 10, 22, 26, 38, 47, 48, 76, 81, 88, 98, 101, 102, 116, 118, 123, 162, 167, 171, 178, 184, 194, 205, 217, 220, 221, 224, 226, 228, 253, 262, 264, 282, 301, 302, 314, 333, 338, 346, 351, 364, 394]
x_141: [24, 31, 33, 37, 51, 55, 69, 75, 80, 91, 107, 127, 145, 155, 164, 179, 180, 181, 183, 185, 220, 225, 236, 241, 250, 254, 266, 270, 278, 285, 304, 309, 310, 325, 344, 345, 354, 365, 378, 387, 393, 395]
x_142: [24, 25, 29, 41, 45, 46, 56, 70, 95, 98, 105, 113, 117, 119, 151, 157, 192, 197, 212, 215, 232, 243, 271, 272, 274, 285, 309, 314, 325, 329, 336, 337, 339, 344, 350, 366, 383, 384, 385, 392, 395]
x_143: [17, 20, 22, 26, 54, 61, 66, 88, 100, 102, 110, 116, 118, 122, 128, 162, 178, 184, 190, 193, 197, 201, 207, 209, 216, 219, 239, 242, 253, 262, 263, 265, 280, 293, 297, 319, 320, 323, 330, 338, 342, 356, 358, 365, 374, 398]
x_144: [2, 6, 20, 21, 35, 40, 47, 53, 54, 67, 74, 77, 85, 92, 108, 129, 132, 147, 148, 174, 176, 182, 189, 195, 196, 211, 220, 222, 225, 239, 249, 262, 273, 275, 276, 284, 287, 288, 289, 290, 338, 343, 346, 379, 390, 398]
x_145: [34, 42, 43, 47, 74, 75, 78, 93, 110, 111, 114, 141, 147, 148, 166, 168, 177, 182, 189, 195, 198, 200, 205, 210, 213, 214, 219, 220, 242, 247, 256, 262, 264, 275, 277, 283, 286, 290, 291, 293, 297, 335, 346, 369, 393, 394, 396]
x_146: [4, 7, 9, 11, 38, 42, 59, 77, 88, 100, 101, 108, 111, 126, 128, 147, 167, 195, 200, 201, 207, 214, 217, 220, 224, 234, 247, 249, 256, 264, 265, 276, 302, 323, 326, 345, 351, 354, 355, 371, 383, 400]
x_147: [1, 9, 15, 18, 21, 40, 41, 45, 69, 71, 79, 84, 99, 117, 123, 139, 144, 145, 146, 151, 155, 157, 158, 159, 169, 181, 183, 185, 191, 192, 202, 237, 260, 263, 266, 279, 281, 285, 296, 300, 309, 314, 328, 336, 359, 360, 362, 366, 370, 373, 382, 391, 392]
x_148: [19, 27, 30, 52, 80, 83, 93, 94, 120, 133, 135, 144, 145, 158, 172, 191, 203, 204, 237, 243, 257, 259, 277, 279, 281, 285, 305, 306, 312, 324, 331, 337, 349, 354, 376, 377, 380, 383, 385]
x_149: [5, 8, 9, 12, 35, 39, 66, 67, 102, 116, 122, 129, 160, 190, 198, 205, 209, 211, 219, 230, 248, 268, 273, 277, 286, 287, 323, 327, 330, 333, 335, 368, 379, 382, 390, 398, 399]
x_150: [10, 11, 34, 47, 59, 69, 81, 85, 114, 126, 128, 132, 161, 164, 175, 176, 178, 220, 221, 222, 224, 228, 234, 235, 273, 277, 290, 293, 298, 302, 312, 355, 356, 389, 397]
x_151: [2, 6, 11, 14, 15, 17, 28, 40, 65, 66, 67, 76, 94, 98, 111, 114, 142, 147, 182, 189, 193, 196, 197, 199, 211, 221, 224, 239, 242, 255, 261, 268, 275, 278, 286, 291, 313, 319, 351, 356, 390, 397, 400]
x_152: [13, 18, 23, 25, 29, 55, 64, 80, 82, 83, 92, 94, 103, 104, 107, 117, 120, 130, 153, 155, 157, 163, 179, 188, 190, 192, 196, 204, 215, 216, 258, 274, 281, 285, 292, 310, 314, 328, 334, 352, 354, 357, 365, 366, 373, 384, 388, 393, 395]
x_153: [3, 5, 20, 40, 48, 65, 77, 78, 101, 113, 152, 166, 171, 194, 200, 209, 213, 221, 224, 226, 239, 248, 255, 256, 258, 262, 272, 280, 310, 319, 320, 323, 327, 330, 333, 338, 346, 361, 362, 368, 394]
x_154: [1, 20, 25, 37, 45, 56, 72, 104, 124, 138, 165, 179, 180, 198, 203, 204, 210, 233, 236, 254, 266, 269, 274, 279, 282, 292, 294, 304, 305, 321, 329, 331, 341, 366, 380, 381, 386, 391]
x_155: [3, 9, 19, 34, 36, 40, 43, 53, 74, 87, 96, 101, 112, 117, 141, 147, 152, 168, 193, 205, 219, 226, 230, 252, 253, 264, 265, 276, 280, 287, 288, 293, 333, 340, 343, 362, 363, 374, 375, 379, 389, 398]
x_156: [6, 7, 22, 26, 36, 37, 40, 47, 48, 49, 54, 58, 60, 61, 73, 98, 102, 128, 160, 162, 176, 178, 184, 190, 194, 205, 209, 241, 255, 264, 265, 272, 284, 297, 303, 308, 313, 355, 362, 391, 398]
x_157: [5, 17, 35, 36, 53, 65, 73, 77, 85, 98, 100, 108, 112, 116, 120, 136, 142, 147, 152, 160, 166, 170, 178, 190, 197, 199, 205, 217, 231, 242, 246, 247, 249, 252, 289, 297, 303, 311, 313, 319, 320, 323, 346, 362, 364, 371, 372, 375]
x_158: [5, 39, 43, 53, 97, 108, 111, 115, 126, 147, 148, 175, 190, 195, 196, 203, 205, 212, 261, 262, 290, 297, 313, 335, 349, 356, 374, 375, 394, 400]
x_159: [3, 5, 11, 20, 38, 40, 42, 60, 66, 71, 98, 110, 111, 114, 116, 128, 131, 147, 166, 174, 178, 182, 193, 209, 210, 234, 245, 254, 275, 290, 301, 315, 316, 319, 326, 335, 338, 340, 358, 364, 371, 388, 400]
x_160: [21, 31, 33, 41, 50, 51, 61, 63, 69, 72, 83, 94, 130, 137, 149, 156, 157, 161, 169, 173, 185, 186, 187, 188, 204, 208, 225, 233, 266, 281, 285, 294, 300, 304, 305, 323, 332, 366, 376, 378]
x_161: [25, 32, 37, 44, 45, 61, 69, 71, 95, 139, 150, 160, 187, 192, 215, 216, 243, 251, 267, 285, 295, 300, 307, 323, 324, 329, 336, 363, 365, 373, 382, 393]
x_162: [1, 12, 19, 34, 41, 58, 64, 70, 71, 91, 99, 123, 130, 140, 143, 156, 186, 192, 202, 203, 204, 215, 239, 251, 254, 267, 269, 271, 296, 309, 317, 324, 336, 360, 367, 372, 376, 377, 387, 391]
x_163: [4, 20, 36, 38, 74, 78, 85, 104, 108, 111, 115, 132, 136, 152, 171, 175, 182, 184, 195, 213, 221, 235, 260, 264, 265, 273, 277, 293, 294, 323, 351, 368, 371, 374]
x_164: [12, 13, 23, 25, 31, 51, 83, 91, 93, 99, 141, 150, 180, 202, 220, 233, 236, 241, 251, 254, 257, 278, 305, 341, 344, 370, 378]
x_165: [1, 5, 6, 22, 60, 65, 74, 81, 85, 100, 101, 128, 131, 136, 154, 170, 177, 190, 198, 205, 213, 223, 242, 262, 272, 277, 278, 287, 288, 290, 301, 311, 323, 327, 343, 353, 362, 369, 381]
x_166: [1, 4, 8, 56, 68, 82, 103, 105, 113, 120, 121, 125, 127, 130, 139, 145, 153, 157, 159, 187, 203, 251, 257, 263, 279, 290, 294, 295, 298, 299, 305, 314, 317, 320, 341, 370, 377, 382, 388]
x_167: [16, 23, 32, 46, 56, 90, 99, 113, 118, 139, 140, 146, 168, 179, 181, 203, 233, 238, 246, 249, 254, 259, 271, 295, 298, 304, 305, 312, 314, 321, 363, 365, 366, 367, 376, 387]
x_168: [1, 12, 15, 32, 44, 68, 72, 75, 86, 94, 104, 118, 124, 145, 155, 167, 169, 183, 206, 218, 225, 229, 232, 237, 246, 249, 269, 270, 281, 294, 296, 304, 305, 312, 322, 331, 332, 337, 352, 360, 376, 388, 393]
x_169: [6, 10, 13, 41, 42, 49, 60, 61, 62, 76, 87, 96, 110, 134, 147, 160, 168, 205, 214, 240, 247, 248, 268, 272, 287, 313, 316, 326, 346, 347, 396, 397, 398]
x_170: [12, 15, 41, 50, 51, 55, 64, 67, 69, 94, 107, 127, 130, 137, 138, 157, 165, 172, 183, 203, 206, 237, 246, 257, 263, 265, 269, 270, 284, 285, 294, 295, 304, 328, 357, 365, 366, 377, 378, 381, 388]
x_171: [14, 15, 16, 30, 32, 56, 71, 80, 90, 94, 99, 101, 103, 107, 119, 125, 127, 137, 140, 153, 163, 173, 180, 185, 187, 191, 216, 246, 274, 281, 294, 310, 317, 324, 341, 345, 346, 350, 357, 359, 371, 377, 382, 383, 387]
x_172: [4, 20, 22, 40, 42, 52, 56, 60, 62, 67, 81, 98, 109, 136, 148, 170, 197, 199, 221, 234, 245, 252, 256, 262, 265, 284, 287, 293, 304, 313, 315, 316, 323, 338, 349, 351, 358, 369, 371, 389, 400]
x_173: [5, 20, 47, 48, 53, 57, 58, 59, 66, 67, 77, 85, 88, 99, 102, 108, 110, 118, 132, 135, 160, 171, 177, 182, 184, 189, 190, 193, 194, 199, 210, 211, 219, 220, 223, 228, 247, 252, 262, 268, 278, 287, 288, 291, 301, 302, 311, 361, 364, 367, 368, 369, 375, 379]
x_174: [18, 41, 68, 69, 71, 72, 75, 84, 100, 123, 144, 159, 212, 216, 231, 233, 257, 294, 298, 304, 311, 317, 322, 345, 348, 350, 357, 373, 376, 380, 382, 386]
x_175: [1, 32, 36, 50, 52, 66, 68, 69, 82, 92, 95, 104, 120, 123, 150, 158, 163, 180, 192, 215, 218, 251, 263, 274, 281, 296, 299, 306, 321, 324, 325, 342, 345, 348, 359, 365, 366, 382, 385, 388, 395]
x_176: [11, 21, 23, 46, 51, 84, 86, 92, 97, 107, 127, 133, 144, 150, 156, 188, 192, 204, 212, 218, 229, 236, 244, 248, 266, 296, 298, 305, 322, 324, 331, 332, 337, 340, 347, 348, 365, 376, 377, 378]
x_177: [1, 16, 29, 45, 50, 52, 55, 68, 79, 80, 83, 91, 93, 99, 119, 130, 131, 133, 137, 138, 145, 165, 173, 179, 181, 184, 185, 202, 208, 218, 225, 241, 243, 250, 258, 271, 296, 304, 307, 314, 331, 336, 339, 352, 353, 359, 373, 375, 376, 380, 382, 383, 384, 385, 387, 388, 391, 393]
x_178: [15, 21, 23, 25, 31, 44, 45, 64, 92, 103, 107, 124, 140, 143, 150, 156, 157, 159, 179, 189, 202, 204, 216, 224, 225, 254, 257, 263, 269, 271, 294, 306, 328, 332, 341, 344, 357, 363, 370, 373, 386, 398]
x_179: [3, 9, 10, 20, 42, 60, 61, 65, 100, 114, 116, 124, 128, 141, 152, 154, 167, 177, 178, 180, 184, 207, 220, 228, 230, 248, 272, 284, 316, 319, 330, 348, 361, 368, 369]
x_180: [5, 49, 58, 60, 66, 67, 100, 101, 124, 131, 136, 141, 154, 164, 171, 175, 179, 182, 189, 196, 197, 217, 221, 234, 240, 247, 252, 262, 276, 288, 289, 291, 293, 297, 302, 319, 333, 340, 348, 358, 371, 374, 379, 389]
x_181: [11, 17, 34, 39, 42, 53, 62, 76, 85, 101, 112, 118, 129, 141, 147, 167, 177, 184, 190, 194, 196, 199, 205, 211, 221, 231, 249, 255, 268, 275, 283, 288, 293, 308, 326, 334, 340, 357, 360, 380, 394]
x_182: [12, 18, 32, 43, 44, 45, 78, 84, 89, 93, 95, 97, 117, 120, 125, 144, 145, 151, 159, 163, 173, 180, 183, 215, 250, 258, 259, 260, 274, 285, 296, 307, 324, 325, 329, 336, 344, 359, 366, 380, 382, 384, 395]
x_183: [5, 16, 34, 35, 50, 54, 59, 60, 66, 68, 98, 115, 116, 126, 129, 141, 147, 168, 170, 182, 190, 196, 209, 217, 223, 247, 249, 256, 261, 265, 268, 276, 290, 301, 311, 319, 330, 375, 400]
x_184: [16, 23, 51, 55, 68, 83, 86, 92, 95, 99, 117, 121, 124, 131, 137, 140, 143, 156, 163, 173, 177, 179, 181, 186, 202, 206, 212, 216, 218, 227, 254, 258, 260, 282, 296, 305, 329, 332, 337, 345, 353, 363, 375, 380, 386, 387, 388]
x_185: [23, 28, 47, 48, 49, 59, 62, 81, 87, 88, 90, 110, 111, 116, 134, 136, 141, 147, 160, 171, 177, 196, 199, 200, 205, 209, 210, 211, 220, 222, 235, 240, 247, 250, 262, 264, 283, 288, 290, 315, 333, 343, 355, 358, 361, 364]
x_186: [4, 7, 17, 22, 26, 46, 47, 48, 49, 73, 77, 89, 106, 109, 122, 128, 134, 136, 160, 162, 184, 199, 215, 239, 242, 264, 265, 301, 316, 318, 327, 330, 333, 335, 338, 350, 355, 358, 361, 374, 396]
x_187: [4, 7, 28, 35, 43, 49, 53, 60, 61, 73, 111, 116, 125, 160, 161, 166, 171, 191, 219, 222, 223, 255, 262, 283, 303, 313, 317, 356, 369, 375]
x_188: [7, 9, 35, 38, 40, 44, 51, 65, 85, 112, 116, 126, 152, 160, 176, 189, 199, 213, 234, 237, 240, 253, 255, 265, 280, 297, 326, 343, 358, 361, 374, 375, 389]
x_189: [15, 27, 33, 37, 46, 57, 64, 90, 91, 99, 105, 119, 123, 139, 144, 145, 151, 173, 178, 180, 188, 191, 215, 224, 263, 270, 274, 279, 285, 296, 299, 380, 386, 391, 392, 395, 398]
x_190: [18, 19, 21, 23, 25, 37, 70, 94, 97, 104, 119, 130, 143, 149, 152, 156, 157, 158, 165, 173, 181, 183, 196, 203, 208, 257, 270, 281, 300, 312, 321, 324, 325, 334, 337, 354, 357, 363]
x_191: [5, 28, 42, 60, 61, 109, 110, 125, 147, 148, 171, 187, 189, 195, 199, 209, 219, 220, 221, 226, 231, 235, 248, 252, 273, 277, 283, 284, 297, 302, 303, 311, 317, 330, 340, 355, 356, 358, 368, 397]
x_192: [7, 36, 40, 65, 73, 74, 79, 85, 122, 142, 147, 152, 161, 162, 175, 176, 210, 247, 248, 252, 257, 293, 315, 320, 335, 337, 338, 343, 346, 379, 389, 396, 398, 400]
x_193: [12, 19, 21, 23, 35, 44, 56, 91, 104, 120, 124, 127, 130, 133, 137, 143, 151, 155, 159, 173, 200, 204, 225, 227, 229, 238, 241, 258, 294, 296, 328, 361]
x_194: [8, 19, 23, 27, 31, 32, 46, 63, 64, 69, 70, 79, 84, 103, 104, 113, 121, 130, 140, 153, 156, 173, 181, 202, 212, 238, 243, 251, 259, 264, 269, 274, 294, 299, 314, 315, 354, 356, 357, 370, 377, 380, 387, 393]
x_195: [12, 14, 18, 25, 26, 31, 33, 63, 68, 95, 97, 104, 119, 123, 124, 125, 139, 144, 145, 146, 158, 163, 191, 202, 215, 216, 241, 251, 267, 271, 279, 281, 285, 295, 296, 300, 303, 309, 310, 319, 321, 360, 363, 365, 380, 385, 393, 395]
x_196: [12, 14, 25, 33, 45, 50, 57, 64, 71, 79, 86, 92, 97, 99, 113, 117, 121, 144, 151, 152, 158, 180, 181, 183, 185, 190, 208, 216, 238, 250, 267, 270, 274, 285, 334, 345, 348, 359, 360, 363, 370, 384, 393]
x_197: [13, 14, 63, 69, 83, 90, 92, 95, 98, 107, 117, 124, 127, 138, 142, 143, 151, 157, 172, 180, 204, 233, 243, 260, 267, 270, 272, 292, 296, 305, 312, 314, 341, 348, 353, 365, 373, 378, 382]
x_198: [20, 27, 56, 71, 84, 90, 91, 93, 130, 139, 145, 149, 154, 165, 202, 210, 218, 227, 243, 254, 259, 267, 279, 298, 305, 309, 325, 328, 329, 331, 352, 373, 376, 378, 395]
x_199: [8, 13, 19, 27, 30, 33, 50, 63, 84, 95, 104, 106, 119, 123, 132, 137, 138, 151, 157, 172, 173, 181, 185, 186, 188, 191, 225, 262, 274, 295, 304, 345, 348, 360, 367, 376, 378, 388]
x_200: [1, 24, 35, 57, 69, 79, 83, 103, 105, 137, 139, 145, 146, 153, 185, 193, 204, 237, 270, 279, 295, 309, 312, 317, 337, 344, 352, 361, 372, 377, 386, 392]
x_201: [1, 19, 50, 51, 70, 91, 96, 104, 105, 123, 139, 143, 146, 202, 204, 212, 229, 236, 240, 244, 254, 257, 268, 279, 298, 304, 321, 341, 344, 353, 373, 378, 380]
x_202: [4, 6, 9, 17, 34, 48, 49, 58, 67, 81, 88, 96, 109, 116, 121, 122, 127, 128, 147, 162, 164, 177, 178, 184, 194, 195, 198, 201, 205, 217, 222, 231, 235, 252, 266, 283, 288, 302, 308, 311, 313, 319, 334, 335, 346, 361, 368, 379, 394, 400]
x_203: [4, 7, 17, 40, 43, 47, 49, 73, 77, 88, 96, 97, 98, 101, 126, 131, 136, 148, 154, 158, 162, 166, 167, 170, 190, 207, 212, 217, 219, 224, 226, 228, 255, 262, 280, 302, 340, 361, 369]
x_204: [9, 10, 18, 38, 54, 66, 73, 96, 103, 110, 115, 118, 122, 148, 152, 154, 160, 162, 176, 178, 193, 197, 200, 201, 205, 207, 217, 228, 242, 262, 280, 284, 293, 302, 327, 333, 364, 392, 396, 397, 399]
x_205: [8, 16, 18, 55, 71, 79, 90, 113, 115, 121, 127, 130, 140, 145, 149, 155, 156, 157, 158, 165, 169, 181, 185, 202, 204, 208, 222, 223, 225, 229, 246, 266, 292, 298, 305, 309, 312, 317, 325, 336, 344, 353, 357, 363, 367, 386, 387, 393]
x_206: [6, 17, 40, 47, 48, 60, 61, 102, 109, 110, 112, 115, 168, 170, 184, 209, 211, 224, 240, 261, 297, 302, 303, 323, 329, 338, 340, 344, 361, 386, 397]
x_207: [12, 14, 19, 21, 56, 70, 83, 90, 92, 93, 95, 103, 113, 123, 127, 143, 146, 179, 203, 204, 212, 215, 233, 234, 250, 270, 281, 312, 314, 317, 333, 336, 341, 350, 352, 354, 358, 373, 380, 381]
x_208: [20, 28, 35, 48, 80, 110, 116, 122, 128, 136, 160, 177, 190, 196, 205, 220, 255, 273, 280, 283, 287, 289, 296, 316, 318, 319, 323, 330, 340, 346, 373, 396, 397, 399]
x_209: [10, 13, 14, 15, 16, 23, 37, 50, 64, 70, 71, 86, 95, 103, 107, 127, 143, 149, 153, 156, 159, 183, 185, 191, 206, 216, 225, 229, 237, 250, 251, 254, 263, 271, 282, 292, 294, 304, 305, 313, 324, 326, 328, 332, 350, 363, 377, 393, 395]
x_210: [12, 20, 21, 25, 32, 52, 56, 79, 93, 97, 103, 117, 119, 123, 124, 145, 154, 159, 173, 185, 192, 198, 237, 251, 259, 270, 285, 295, 300, 309, 310, 339, 344, 370, 380, 381, 385, 386, 393]
x_211: [8, 13, 16, 24, 25, 44, 52, 64, 80, 87, 90, 92, 103, 127, 138, 144, 149, 151, 173, 181, 185, 206, 254, 258, 259, 269, 295, 316, 317, 328, 337, 338, 345, 357, 359, 360, 366, 381, 384, 391, 392]
x_212: [2, 20, 40, 49, 61, 74, 77, 78, 81, 87, 89, 97, 106, 108, 110, 112, 142, 158, 174, 176, 184, 194, 201, 203, 207, 220, 223, 247, 249, 252, 273, 275, 276, 277, 284, 288, 289, 334, 340, 355, 375, 397, 400]
x_213: [15, 18, 21, 42, 44, 45, 64, 70, 75, 82, 83, 90, 92, 95, 110, 119, 125, 133, 145, 153, 163, 165, 188, 233, 236, 244, 254, 263, 267, 271, 274, 288, 309, 314, 317, 324, 332, 350, 370, 376, 392, 393, 395]
x_214: [32, 33, 52, 64, 68, 73, 95, 97, 104, 105, 112, 145, 146, 169, 251, 267, 279, 293, 295, 298, 309, 336, 363, 373, 380, 385]
x_215: [20, 34, 39, 46, 62, 76, 87, 100, 108, 110, 114, 132, 142, 152, 161, 162, 175, 182, 186, 189, 195, 207, 219, 222, 223, 245, 249, 252, 256, 265, 272, 278, 286, 288, 291, 311, 320, 343, 350, 362, 369, 374, 389, 396]
x_216: [3, 17, 26, 34, 35, 48, 53, 74, 76, 110, 118, 134, 136, 143, 152, 161, 171, 174, 178, 184, 195, 196, 209, 217, 222, 223, 239, 242, 247, 263, 275, 276, 277, 286, 287, 288, 290, 301, 319, 340, 342, 346, 355, 365, 371, 394, 399]
x_217: [3, 8, 15, 16, 21, 70, 75, 81, 83, 105, 120, 130, 138, 140, 146, 157, 180, 183, 202, 203, 204, 216, 232, 243, 246, 263, 266, 270, 285, 286, 295, 299, 300, 304, 306, 312, 322, 347, 352, 357, 377, 378, 382, 383, 388]
x_218: [3, 6, 10, 11, 39, 48, 49, 58, 74, 76, 77, 96, 100, 111, 118, 131, 132, 136, 168, 175, 176, 177, 184, 198, 219, 220, 222, 224, 242, 248, 249, 259, 268, 290, 291, 295, 327, 346, 356, 364, 376, 396, 398]
x_219: [7, 12, 14, 41, 55, 63, 64, 69, 79, 82, 86, 95, 113, 120, 124, 130, 143, 145, 149, 155, 173, 187, 191, 203, 215, 218, 229, 233, 235, 237, 244, 276, 282, 296, 299, 304, 307, 309, 317, 329, 332, 336, 337, 347, 354, 377]
x_220: [12, 16, 18, 19, 37, 41, 63, 90, 93, 94, 95, 105, 125, 130, 140, 141, 144, 145, 146, 150, 164, 173, 179, 185, 191, 208, 212, 218, 233, 236, 238, 243, 259, 266, 269, 271, 278, 279, 296, 309, 312, 314, 317, 321, 322, 354, 373, 378, 384, 386, 391, 392, 395]
x_221: [19, 21, 22, 24, 32, 37, 50, 56, 70, 120, 127, 130, 137, 139, 140, 150, 151, 153, 163, 172, 180, 181, 191, 225, 232, 237, 244, 269, 295, 306, 312, 332, 343, 351, 352, 366, 367, 370, 385, 386, 392]
x_222: [16, 37, 45, 52, 63, 69, 80, 91, 94, 115, 121, 124, 127, 133, 137, 139, 144, 150, 185, 187, 202, 205, 215, 216, 218, 223, 238, 250, 269, 270, 274, 298, 300, 331, 336, 378, 384, 392]
x_223: [25, 32, 50, 52, 56, 63, 91, 92, 105, 115, 117, 119, 165, 173, 183, 187, 205, 212, 215, 216, 222, 227, 237, 263, 266, 282, 298, 299, 322, 328, 336, 344, 347, 363, 366, 373, 383, 392]
x_224: [16, 18, 23, 25, 41, 46, 50, 63, 69, 72, 83, 86, 113, 140, 146, 150, 151, 153, 178, 189, 203, 206, 218, 237, 241, 246, 251, 259, 294, 317, 329, 345, 354, 363, 365, 377, 384, 385, 398]
x_225: [7, 17, 21, 36, 40, 78, 81, 92, 96, 100, 102, 106, 114, 122, 126, 134, 141, 144, 160, 168, 177, 178, 193, 199, 205, 209, 221, 226, 231, 256, 261, 262, 301, 302, 313, 330, 338, 340, 351, 362, 397, 398, 399]
x_226: [14, 15, 21, 25, 27, 44, 51, 69, 88, 114, 140, 153, 155, 191, 203, 225, 229, 232, 241, 254, 258, 259, 270, 275, 295, 298, 307, 322, 325, 344, 377, 383, 392, 393]
x_227: [3, 4, 9, 30, 40, 74, 96, 100, 126, 184, 193, 198, 223, 228, 231, 234, 235, 238, 239, 247, 277, 279, 280, 286, 291, 293, 315, 342, 379]
x_228: [15, 17, 37, 45, 55, 69, 71, 74, 75, 79, 86, 105, 120, 124, 127, 130, 133, 140, 150, 173, 179, 203, 204, 227, 260, 269, 271, 280, 282, 285, 305, 307, 310, 324, 325, 332, 336, 339, 354, 360, 365, 376, 377, 384, 386]
x_229: [7, 9, 10, 25, 26, 39, 48, 54, 58, 60, 61, 66, 73, 84, 96, 100, 106, 112, 116, 168, 176, 193, 201, 205, 209, 219, 226, 256, 280, 293, 301, 306, 320, 327, 330, 334, 342, 355, 361, 368, 369, 398]
x_230: [16, 24, 30, 37, 49, 51, 56, 84, 91, 107, 113, 116, 130, 149, 155, 179, 232, 233, 269, 271, 283, 292, 305, 306, 332, 344, 360, 363, 376, 377, 378, 384, 386, 387]
x_231: [1, 8, 21, 32, 44, 63, 72, 86, 90, 100, 107, 117, 119, 120, 127, 133, 157, 174, 181, 191, 202, 225, 227, 244, 254, 257, 266, 269, 271, 304, 305, 307, 310, 311, 314, 354, 391, 395]
x_232: [10, 17, 39, 48, 62, 63, 101, 110, 112, 114, 116, 136, 142, 168, 217, 221, 226, 230, 234, 247, 253, 265, 268, 272, 290, 313, 326, 327, 328, 333, 338, 351, 355, 361, 371, 378, 379, 389]
x_233: [3, 17, 28, 39, 49, 58, 66, 81, 96, 102, 109, 114, 126, 134, 136, 154, 160, 164, 167, 174, 197, 207, 213, 219, 220, 230, 242, 265, 280, 285, 297, 308, 313, 318, 323, 327, 338, 340, 346, 355, 359, 361, 369, 395, 396]
x_234: [21, 29, 31, 32, 56, 57, 68, 69, 70, 71, 84, 90, 99, 113, 119, 121, 124, 139, 146, 150, 159, 172, 180, 188, 207, 227, 232, 237, 244, 250, 251, 266, 267, 270, 306, 307, 309, 322, 329, 333, 339, 347, 358, 363, 365, 366, 370, 373, 381, 385]
x_235: [7, 15, 32, 46, 51, 55, 56, 84, 86, 97, 113, 127, 150, 163, 185, 191, 202, 219, 227, 246, 251, 254, 259, 276, 282, 304, 312, 341, 360, 382, 385, 388, 395]
x_236: [3, 4, 5, 9, 10, 20, 28, 32, 36, 38, 43, 49, 58, 81, 96, 98, 100, 122, 131, 133, 141, 154, 164, 176, 201, 213, 220, 267, 284, 323, 342, 349, 358, 361, 394, 399]
x_237: [7, 10, 22, 34, 40, 43, 44, 48, 51, 53, 67, 74, 76, 81, 85, 102, 109, 114, 129, 136, 147, 148, 168, 170, 188, 200, 209, 210, 219, 221, 223, 224, 234, 240, 247, 249, 264, 272, 273, 278, 286, 293, 313, 315, 318, 320, 326, 343, 361, 375, 390]
x_238: [26, 30, 47, 61, 74, 100, 101, 114, 167, 193, 194, 196, 220, 222, 227, 239, 245, 261, 262, 279, 286, 319, 340, 342, 351, 356, 364, 375, 389, 396, 400]
x_239: [12, 24, 30, 33, 34, 46, 50, 58, 69, 75, 82, 83, 90, 107, 120, 124, 143, 144, 151, 153, 162, 186, 216, 227, 238, 254, 260, 270, 274, 296, 300, 304, 317, 350, 353, 354, 360, 388]
x_240: [13, 21, 23, 45, 80, 96, 105, 107, 113, 133, 169, 180, 185, 188, 201, 206, 237, 243, 257, 260, 267, 268, 281, 294, 306, 341, 344, 367]
x_241: [17, 35, 37, 62, 67, 87, 98, 110, 122, 132, 141, 156, 164, 177, 193, 195, 224, 226, 262, 289, 290, 293, 315, 371, 391, 394]
x_242: [8, 19, 23, 24, 37, 52, 55, 64, 105, 107, 121, 123, 127, 128, 130, 137, 143, 145, 151, 157, 165, 186, 204, 216, 218, 233, 243, 246, 247, 250, 296, 299, 305, 332, 337, 344, 364, 366, 372, 384, 395]
x_243: [2, 4, 6, 20, 48, 54, 58, 65, 78, 88, 89, 96, 119, 128, 132, 135, 142, 148, 161, 177, 194, 197, 198, 217, 220, 240, 242, 268, 272, 276, 278, 301, 302, 309, 340, 349, 358, 362, 364, 369, 377, 379, 389, 396]
x_244: [45, 48, 53, 59, 67, 74, 87, 96, 100, 118, 126, 135, 176, 201, 213, 219, 221, 231, 234, 247, 262, 272, 274, 277, 286, 301, 305, 311, 319, 320, 335, 371, 375, 397]
x_245: [1, 21, 25, 31, 41, 44, 46, 50, 63, 64, 68, 71, 76, 93, 117, 125, 159, 172, 215, 238, 259, 263, 266, 279, 296, 301, 308, 314, 325, 329, 336, 359, 360, 365, 372, 384, 392]
x_246: [2, 10, 20, 38, 47, 59, 76, 77, 78, 88, 100, 102, 120, 131, 134, 157, 167, 168, 170, 171, 205, 217, 224, 235, 242, 302, 323, 342, 362, 369, 372, 374, 394, 397]
x_247: [29, 32, 44, 79, 99, 113, 119, 120, 128, 145, 146, 157, 169, 173, 180, 183, 185, 192, 212, 216, 227, 232, 237, 242, 244, 251, 266, 270, 281, 282, 285, 298, 306, 314, 321, 336, 337, 345, 350, 359, 363, 364, 372, 373, 385, 386, 393, 395]
x_248: [1, 8, 11, 18, 25, 30, 50, 55, 71, 84, 93, 103, 113, 117, 123, 127, 137, 149, 153, 169, 176, 179, 191, 192, 218, 279, 298, 325, 331, 340, 347, 354, 376, 385, 388, 391]
x_249: [1, 24, 25, 69, 70, 79, 82, 86, 97, 118, 121, 123, 144, 146, 157, 167, 168, 181, 183, 212, 215, 218, 237, 250, 267, 270, 279, 299, 310, 329, 336, 337, 347, 370, 372, 381, 383, 384, 385, 386, 388]
x_250: [5, 23, 34, 35, 39, 47, 62, 67, 76, 77, 81, 85, 87, 88, 90, 131, 141, 177, 182, 185, 196, 207, 209, 222, 234, 242, 249, 255, 284, 290, 297, 313, 319, 334, 343, 368, 375, 398, 400]
x_251: [2, 11, 33, 35, 36, 48, 49, 55, 60, 74, 77, 88, 108, 112, 126, 128, 131, 161, 162, 164, 166, 175, 194, 195, 209, 210, 214, 224, 234, 235, 247, 252, 261, 264, 276, 278, 281, 291, 313, 319, 361, 368, 390]
x_252: [2, 6, 15, 21, 33, 41, 44, 52, 56, 69, 71, 82, 90, 92, 97, 103, 109, 113, 117, 119, 125, 155, 157, 172, 173, 180, 191, 192, 202, 212, 215, 251, 258, 260, 267, 279, 292, 295, 322, 329, 337, 352, 359, 360, 384, 391, 393]
x_253: [27, 75, 79, 95, 104, 113, 117, 127, 140, 143, 155, 188, 232, 254, 258, 287, 306, 314, 317, 318, 335, 345, 360, 366, 377, 392]
x_254: [5, 49, 61, 71, 73, 89, 96, 98, 102, 136, 141, 154, 159, 162, 164, 167, 178, 184, 198, 201, 209, 211, 213, 226, 231, 235, 239, 253, 255, 301, 303, 308, 316, 320, 334, 342, 355, 356, 362, 369, 388, 394, 399]
x_255: [1, 8, 14, 24, 30, 33, 37, 38, 51, 57, 69, 77, 92, 94, 111, 117, 119, 130, 138, 151, 153, 156, 181, 187, 188, 203, 208, 250, 254, 260, 266, 295, 305, 341, 344, 347, 352, 353, 359, 365, 370, 372, 376, 388]
x_256: [13, 18, 23, 51, 104, 105, 123, 145, 146, 153, 172, 183, 215, 225, 229, 257, 273, 281, 297, 302, 306, 307, 310, 317, 337, 341, 357, 360, 367, 376, 388]
x_257: [3, 5, 6, 9, 17, 20, 22, 26, 42, 43, 48, 54, 76, 78, 79, 81, 89, 100, 102, 109, 136, 148, 164, 166, 170, 174, 178, 190, 192, 201, 231, 240, 256, 262, 308, 318, 320, 323, 335, 337, 342, 349, 362, 374, 394, 396]
x_258: [11, 28, 34, 35, 40, 43, 53, 62, 73, 76, 88, 102, 108, 111, 113, 118, 122, 131, 152, 153, 177, 182, 184, 193, 211, 226, 252, 253, 288, 310, 316, 318, 323, 327, 343, 364, 369, 389, 400]
x_259: [28, 34, 40, 61, 65, 73, 76, 78, 87, 100, 102, 126, 148, 167, 182, 194, 198, 210, 211, 218, 220, 224, 226, 235, 245, 262, 276, 278, 283, 287, 295, 302, 318, 327, 334, 342, 356, 374, 375, 376, 400]
x_260: [2, 34, 35, 59, 66, 67, 104, 110, 112, 116, 122, 132, 147, 163, 182, 184, 197, 228, 239, 240, 252, 255, 272, 275, 287, 288, 289, 290, 294, 301, 316, 330, 335, 346, 349, 369, 390, 397, 398, 400]
x_261: [15, 21, 23, 27, 31, 57, 83, 84, 107, 120, 121, 124, 138, 151, 158, 183, 206, 225, 238, 251, 299, 341, 345, 353, 354, 355, 357, 366, 369, 370, 379, 381, 385, 386, 392]
x_262: [13, 18, 24, 25, 50, 51, 55, 68, 72, 80, 83, 91, 93, 105, 106, 132, 139, 140, 143, 144, 145, 153, 158, 165, 172, 173, 180, 185, 187, 199, 203, 204, 225, 238, 241, 244, 257, 259, 271, 281, 295, 309, 310, 347, 354, 365, 367, 377, 382, 383, 384, 395]
x_263: [4, 9, 17, 20, 22, 39, 40, 49, 73, 77, 85, 88, 102, 112, 118, 128, 129, 136, 143, 147, 166, 170, 175, 178, 189, 209, 213, 216, 217, 223, 245, 273, 288, 289, 302, 311, 326, 335, 338, 349, 356, 365, 369]
x_264: [13, 16, 50, 55, 68, 79, 80, 92, 99, 125, 130, 133, 140, 145, 146, 155, 156, 163, 185, 186, 194, 237, 251, 266, 267, 269, 304, 306, 312, 315, 328, 356, 365, 366, 382, 383, 388]
x_265: [12, 14, 25, 33, 44, 51, 57, 67, 104, 113, 119, 123, 143, 146, 155, 156, 163, 170, 172, 183, 186, 188, 215, 232, 233, 274, 284, 294, 317, 329, 332, 336, 350, 395]
x_266: [5, 11, 26, 35, 42, 54, 61, 62, 88, 102, 121, 122, 127, 141, 147, 154, 160, 176, 202, 205, 217, 220, 223, 231, 234, 245, 247, 255, 264, 273, 288, 289, 297, 308, 311, 338, 356, 375, 379, 389]
x_267: [4, 5, 6, 17, 22, 32, 35, 36, 40, 60, 61, 78, 81, 100, 115, 128, 133, 134, 161, 162, 195, 196, 197, 198, 213, 214, 234, 236, 240, 249, 252, 264, 287, 290, 303, 326, 335, 343, 351, 356, 371, 375, 389]
x_268: [14, 15, 24, 27, 31, 41, 45, 46, 71, 82, 92, 96, 99, 104, 124, 139, 149, 151, 169, 173, 181, 183, 201, 218, 232, 240, 243, 271, 274, 285, 296, 300, 321, 336, 350, 363, 365, 366, 370, 373, 391]
x_269: [6, 26, 38, 48, 61, 65, 66, 77, 82, 88, 102, 116, 134, 136, 154, 162, 168, 170, 178, 194, 211, 220, 221, 222, 228, 230, 231, 264, 271, 272, 303, 316, 323, 324, 335, 356, 358, 361, 399]
x_270: [7, 9, 17, 39, 54, 66, 67, 70, 85, 87, 101, 102, 110, 112, 115, 116, 131, 137, 141, 168, 170, 189, 190, 196, 197, 200, 207, 210, 217, 222, 226, 234, 239, 247, 249, 275, 287, 290, 315, 322, 343, 375, 390, 399]
x_271: [11, 20, 22, 34, 49, 73, 78, 82, 100, 106, 109, 110, 114, 115, 142, 162, 167, 177, 178, 195, 209, 213, 220, 228, 230, 231, 262, 268, 269, 276, 277, 278, 311, 324, 335, 356, 364, 390]
x_272: [18, 21, 25, 29, 33, 50, 64, 98, 99, 103, 121, 137, 142, 153, 156, 165, 169, 179, 197, 215, 232, 237, 243, 244, 260, 269, 307, 317, 328, 331, 332, 341, 345, 360, 372, 377, 378, 387, 393]
x_273: [14, 24, 32, 52, 56, 69, 70, 72, 79, 92, 99, 104, 121, 125, 133, 144, 149, 150, 163, 191, 208, 212, 237, 256, 263, 266, 279, 282, 292, 297, 302, 314, 322, 336, 337, 360, 363, 366, 380, 382, 383, 384, 385, 392, 395]
x_274: [5, 26, 36, 45, 62, 76, 96, 98, 102, 111, 115, 142, 152, 154, 171, 175, 182, 189, 194, 196, 199, 213, 222, 239, 244, 265, 268, 288, 303, 305, 315, 320, 397]
x_275: [1, 12, 24, 32, 41, 56, 69, 71, 82, 88, 95, 97, 99, 104, 113, 114, 125, 144, 145, 151, 159, 181, 212, 216, 226, 260, 270, 282, 285, 296, 299, 309, 339, 360, 363, 365, 382, 386, 391, 393]
x_276: [1, 7, 15, 18, 24, 25, 64, 79, 84, 92, 95, 99, 105, 144, 146, 155, 180, 183, 212, 216, 219, 235, 243, 251, 259, 271, 279, 281, 292, 295, 296, 328, 336, 344, 347, 359, 373, 380, 388, 393, 395]
x_277: [18, 21, 23, 27, 32, 37, 46, 51, 92, 99, 104, 127, 133, 135, 138, 145, 148, 149, 150, 163, 165, 191, 212, 216, 227, 244, 271, 279, 325, 344, 347, 349, 360, 367, 377, 387, 391]
x_278: [12, 14, 21, 25, 41, 68, 69, 86, 92, 93, 113, 123, 141, 151, 164, 165, 173, 215, 220, 237, 243, 251, 259, 271, 292, 295, 300, 328, 339, 344, 360, 370, 372, 391, 392]
x_279: [7, 9, 10, 20, 30, 38, 58, 59, 74, 78, 81, 85, 98, 100, 101, 102, 108, 126, 128, 135, 147, 148, 154, 166, 189, 195, 198, 200, 201, 214, 220, 227, 238, 245, 248, 249, 252, 273, 276, 277, 290, 297, 318, 327, 334, 355, 356, 389]
x_280: [17, 31, 33, 41, 45, 74, 86, 91, 105, 107, 113, 120, 143, 153, 155, 188, 203, 204, 208, 227, 228, 229, 233, 281, 294, 296, 306, 312, 317, 324, 325, 341, 344, 348, 353, 357, 359, 366, 378, 384, 387]
x_281: [4, 33, 34, 35, 53, 55, 59, 78, 87, 111, 116, 131, 147, 148, 152, 160, 168, 171, 175, 190, 195, 207, 240, 247, 251, 256, 262, 276, 280, 326, 330, 361, 399]
x_282: [2, 17, 20, 22, 35, 42, 61, 67, 77, 81, 85, 96, 115, 118, 123, 136, 140, 154, 184, 209, 219, 223, 228, 235, 247, 273, 275, 287, 288, 289, 302, 314, 320, 326, 333, 346, 398]
x_283: [1, 18, 21, 25, 44, 45, 49, 64, 70, 84, 93, 116, 120, 139, 145, 181, 185, 187, 191, 202, 208, 230, 259, 285, 295, 299, 306, 329, 336, 347, 363, 366, 391, 392]
x_284: [1, 12, 21, 30, 51, 67, 94, 95, 105, 117, 123, 139, 144, 156, 170, 172, 179, 191, 204, 212, 236, 250, 265, 300, 331, 332, 359, 367, 376, 377, 385, 395]
x_285: [4, 6, 11, 20, 34, 35, 36, 49, 61, 74, 76, 87, 88, 102, 118, 129, 132, 141, 142, 147, 148, 152, 160, 161, 170, 182, 189, 195, 196, 210, 217, 228, 233, 247, 268, 275, 283, 286, 289, 303, 311, 323, 326, 330, 338, 359, 390, 395, 399, 400]
x_286: [3, 12, 21, 24, 27, 44, 46, 52, 57, 70, 72, 81, 86, 99, 103, 105, 133, 145, 149, 151, 215, 216, 217, 227, 237, 238, 244, 285, 295, 307, 310, 325, 339, 352, 363, 365, 381, 383, 385, 386, 391, 395]
x_287: [14, 18, 21, 24, 25, 46, 68, 69, 79, 95, 99, 105, 117, 119, 120, 139, 144, 149, 155, 165, 169, 172, 173, 208, 216, 253, 259, 260, 267, 270, 282, 292, 295, 300, 309, 314, 318, 325, 335, 336, 344, 347, 365, 373, 380, 381, 384, 385, 395]
x_288: [31, 33, 41, 42, 44, 50, 63, 64, 69, 71, 72, 91, 93, 95, 103, 105, 110, 117, 120, 123, 144, 155, 165, 173, 180, 181, 185, 202, 212, 213, 215, 216, 258, 260, 263, 266, 274, 282, 296, 298, 299, 337, 339, 350, 370, 384, 395]
x_289: [32, 33, 39, 45, 52, 63, 64, 68, 69, 72, 90, 91, 95, 103, 104, 105, 113, 120, 124, 133, 144, 157, 180, 208, 212, 241, 260, 263, 266, 282, 285, 348, 352, 360, 373, 380, 383, 386, 390, 399]
x_290: [4, 14, 21, 27, 31, 32, 33, 41, 45, 46, 56, 64, 72, 93, 104, 113, 125, 144, 145, 150, 158, 159, 165, 166, 183, 185, 216, 218, 232, 241, 250, 260, 267, 270, 279, 295, 320, 339, 365, 372, 385]
x_291: [12, 13, 16, 28, 55, 62, 79, 80, 82, 86, 95, 102, 130, 133, 145, 151, 173, 180, 215, 218, 227, 251, 296, 299, 312, 321, 337, 365, 376, 384]
x_292: [4, 10, 11, 26, 28, 35, 40, 43, 53, 67, 89, 105, 110, 114, 132, 135, 152, 154, 197, 205, 209, 230, 252, 273, 276, 278, 287, 316, 318, 326, 336, 340, 343, 349, 387, 396, 398]
x_293: [8, 13, 14, 16, 21, 23, 37, 68, 72, 73, 79, 92, 112, 119, 127, 130, 138, 143, 145, 150, 155, 163, 172, 180, 181, 192, 204, 214, 227, 229, 237, 241, 294, 312, 336, 357, 360, 366, 373, 382, 384, 385]
x_294: [2, 9, 22, 28, 38, 40, 42, 54, 98, 100, 101, 104, 115, 118, 126, 154, 160, 163, 166, 168, 170, 171, 174, 178, 193, 194, 209, 224, 240, 260, 265, 280, 293, 318, 327, 330, 338, 346, 368]
x_295: [3, 10, 11, 17, 34, 35, 38, 60, 62, 74, 77, 81, 96, 115, 116, 134, 161, 166, 167, 170, 195, 199, 200, 210, 211, 214, 217, 218, 221, 226, 252, 255, 259, 262, 276, 278, 283, 286, 287, 290, 303, 323, 333, 334, 343, 376, 396, 399]
x_296: [35, 66, 77, 80, 101, 115, 118, 122, 134, 147, 162, 168, 175, 176, 177, 182, 184, 189, 193, 195, 197, 208, 219, 220, 239, 242, 245, 268, 275, 276, 280, 288, 291, 316, 319, 343, 351, 355, 373, 400]
x_297: [23, 25, 30, 90, 94, 97, 99, 103, 130, 139, 143, 145, 156, 157, 158, 180, 188, 191, 206, 233, 250, 256, 266, 273, 279, 299, 302, 307, 354, 363, 370, 376, 377, 381, 388]
x_298: [5, 11, 43, 48, 54, 69, 74, 76, 89, 114, 150, 166, 167, 174, 176, 198, 201, 205, 214, 222, 223, 226, 247, 248, 288, 302, 303, 312, 335, 342, 358, 364, 368, 375, 396]
x_299: [11, 20, 24, 66, 74, 78, 87, 96, 102, 112, 129, 166, 175, 189, 194, 217, 219, 223, 242, 249, 261, 275, 283, 288, 291, 297, 300, 327, 332, 355, 375, 379]
x_300: [11, 24, 28, 39, 59, 60, 65, 67, 87, 96, 101, 114, 147, 160, 161, 190, 195, 210, 217, 222, 239, 268, 278, 284, 287, 299, 313, 332, 334, 338]
x_301: [8, 27, 50, 55, 64, 76, 80, 83, 86, 97, 99, 104, 130, 137, 138, 139, 140, 159, 165, 173, 183, 186, 216, 225, 229, 243, 244, 245, 254, 260, 308, 314, 328, 329, 331, 339, 341, 347, 350, 360, 365, 381, 383, 385, 387, 392]
x_302: [14, 23, 30, 32, 44, 50, 51, 72, 93, 95, 103, 104, 105, 107, 113, 120, 121, 140, 146, 150, 173, 180, 191, 202, 203, 204, 206, 225, 243, 246, 256, 259, 263, 273, 282, 297, 298, 309, 336, 337, 357, 360, 367, 370, 377, 384, 387]
x_303: [1, 16, 18, 21, 25, 26, 44, 80, 82, 86, 92, 94, 103, 104, 105, 119, 121, 125, 139, 156, 157, 187, 191, 195, 206, 254, 267, 269, 274, 285, 295, 298, 304, 305, 312, 319, 321, 324, 329, 332, 357, 359, 367, 372, 380, 382, 383, 384, 387]
x_304: [10, 48, 49, 52, 54, 56, 89, 98, 100, 106, 110, 115, 116, 126, 141, 154, 160, 167, 168, 170, 172, 174, 177, 199, 201, 209, 217, 219, 231, 235, 239, 264, 303, 327, 335, 338, 356, 358, 364, 369, 398]
x_305: [10, 20, 40, 45, 65, 66, 81, 100, 102, 110, 115, 118, 128, 131, 148, 154, 160, 164, 166, 167, 168, 176, 184, 197, 198, 205, 209, 228, 230, 231, 242, 244, 255, 274, 303, 308, 313, 316, 334, 335, 346, 356, 368, 369]
x_306: [2, 7, 10, 17, 25, 26, 35, 48, 49, 84, 89, 96, 114, 148, 175, 178, 217, 221, 229, 230, 234, 240, 247, 253, 256, 264, 280, 283, 311, 340, 343, 349, 356, 358, 364, 371]
x_307: [3, 7, 9, 10, 22, 35, 40, 61, 83, 91, 95, 110, 111, 115, 129, 131, 136, 161, 177, 182, 219, 226, 228, 231, 234, 256, 272, 286, 297, 315, 316, 342, 351, 355, 358, 361, 371, 375]
x_308: [8, 14, 18, 45, 56, 76, 83, 86, 93, 105, 107, 113, 120, 127, 156, 181, 202, 233, 245, 254, 257, 266, 301, 305, 337, 353, 357, 360, 378, 381, 385, 386]
x_309: [5, 22, 28, 35, 43, 48, 58, 61, 87, 98, 110, 116, 119, 126, 141, 142, 147, 162, 195, 198, 200, 205, 210, 213, 214, 219, 220, 234, 243, 262, 275, 287, 302, 311, 319, 326, 333, 338, 355, 362, 377, 379, 389]
x_310: [3, 6, 39, 49, 96, 100, 111, 113, 126, 141, 152, 153, 171, 195, 210, 228, 231, 249, 256, 258, 262, 286, 334, 340, 351, 362, 371, 379, 398, 400]
x_311: [18, 21, 33, 46, 52, 56, 64, 84, 91, 95, 100, 103, 117, 119, 157, 165, 173, 174, 183, 191, 202, 215, 231, 244, 263, 266, 271, 285, 306, 309, 321, 325, 347, 348, 359, 370, 372, 373, 391]
x_312: [7, 22, 36, 39, 49, 54, 58, 69, 100, 101, 102, 106, 110, 122, 136, 148, 150, 167, 168, 190, 197, 200, 205, 207, 217, 220, 221, 235, 264, 280, 291, 293, 298, 303, 316, 319, 323, 333, 338, 342, 351, 368, 369]
x_313: [10, 14, 31, 37, 75, 79, 83, 107, 127, 151, 156, 157, 158, 169, 172, 187, 202, 209, 225, 232, 233, 237, 250, 251, 300, 305, 324, 326, 337, 353, 366, 383, 384, 387, 393, 395]
x_314: [2, 3, 17, 35, 42, 49, 61, 62, 87, 106, 111, 112, 114, 122, 123, 126, 136, 140, 142, 147, 152, 166, 167, 177, 194, 197, 207, 213, 220, 231, 245, 247, 253, 273, 282, 287, 301, 315, 333, 334, 335, 340, 351, 362, 374, 379, 389, 396, 400]
x_315: [1, 14, 18, 21, 32, 41, 50, 68, 71, 79, 82, 93, 97, 139, 159, 172, 185, 192, 194, 227, 237, 241, 264, 270, 274, 307, 314, 321, 344, 356, 372, 373, 381, 383, 392, 393]
x_316: [1, 46, 52, 64, 83, 84, 87, 92, 105, 119, 127, 159, 169, 172, 179, 186, 208, 211, 254, 258, 260, 269, 292, 296, 305, 307, 312, 317, 338, 341, 350, 352, 359, 367, 377, 384]
x_317: [3, 7, 9, 20, 43, 61, 73, 89, 100, 102, 118, 125, 128, 134, 162, 166, 171, 174, 187, 191, 200, 205, 207, 211, 213, 219, 220, 224, 239, 253, 256, 265, 272, 280, 316, 323, 327, 330, 333, 340, 369]
x_318: [16, 29, 30, 31, 41, 45, 52, 68, 79, 86, 92, 93, 94, 117, 123, 125, 130, 137, 138, 186, 208, 233, 237, 253, 257, 258, 259, 279, 287, 292, 294, 322, 332, 335, 352, 353, 354, 359]
x_319: [12, 26, 63, 113, 143, 151, 153, 157, 159, 179, 180, 183, 195, 202, 208, 216, 238, 244, 250, 251, 296, 303, 309, 312, 332, 344, 350, 360, 372, 391, 393]
x_320: [4, 16, 19, 21, 27, 46, 68, 71, 80, 107, 137, 143, 153, 157, 166, 192, 215, 229, 237, 244, 254, 257, 274, 282, 290, 337, 339, 344, 370]
x_321: [3, 6, 11, 35, 59, 61, 72, 74, 114, 115, 116, 122, 130, 131, 139, 154, 167, 175, 190, 195, 201, 220, 247, 268, 291, 303, 311, 315, 335, 343, 346, 371, 394, 396]
x_322: [22, 35, 36, 54, 66, 70, 87, 89, 111, 112, 116, 118, 122, 137, 168, 174, 176, 217, 220, 223, 226, 234, 252, 270, 273, 318, 326, 334, 396, 399]
x_323: [1, 25, 29, 31, 50, 52, 55, 61, 63, 68, 72, 105, 127, 133, 137, 138, 139, 143, 146, 149, 153, 157, 160, 161, 163, 165, 172, 206, 208, 233, 236, 246, 257, 258, 269, 285, 295, 312, 317, 345, 363, 377]
x_324: [6, 53, 82, 89, 96, 106, 108, 110, 114, 115, 126, 128, 129, 132, 135, 148, 161, 162, 171, 175, 176, 182, 190, 209, 213, 228, 269, 271, 280, 303, 313, 326, 351, 368, 389, 399]
x_325: [2, 3, 11, 27, 34, 35, 39, 49, 66, 74, 96, 114, 126, 131, 138, 141, 142, 175, 182, 190, 198, 205, 226, 228, 245, 248, 277, 280, 286, 287, 311, 326, 327, 333, 364, 368, 370, 389, 390, 394, 397, 399, 400]
x_326: [1, 10, 25, 37, 45, 46, 56, 68, 103, 104, 117, 123, 124, 133, 146, 159, 169, 181, 188, 209, 232, 237, 263, 267, 281, 282, 285, 292, 309, 313, 322, 324, 325, 329, 339, 344, 365, 372, 373, 384, 391]
x_327: [21, 23, 27, 55, 56, 63, 75, 80, 82, 97, 121, 124, 129, 130, 149, 153, 165, 186, 204, 218, 229, 232, 233, 258, 259, 279, 294, 299, 304, 317, 325, 328, 350, 367, 368, 378, 396]
x_328: [10, 39, 43, 63, 65, 81, 85, 102, 106, 129, 131, 132, 147, 152, 170, 178, 193, 198, 209, 211, 223, 232, 264, 272, 276, 278, 301, 327, 334, 342, 355, 358, 361, 371, 375, 378, 394, 400]
x_329: [4, 7, 11, 53, 61, 85, 111, 142, 154, 161, 182, 184, 198, 206, 219, 224, 234, 245, 249, 252, 265, 283, 301, 303, 326, 330, 344, 351, 355, 358, 362, 379, 386, 390, 397]
x_330: [8, 13, 14, 21, 27, 30, 33, 37, 50, 57, 68, 75, 86, 91, 105, 108, 117, 124, 126, 130, 137, 138, 143, 149, 153, 179, 183, 186, 191, 208, 225, 229, 260, 281, 285, 294, 317, 329, 341, 345, 350, 357, 365, 366, 372, 385, 387, 391, 393, 395, 397]
x_331: [5, 26, 29, 39, 47, 54, 60, 61, 78, 109, 110, 115, 136, 148, 154, 168, 176, 177, 198, 222, 248, 272, 284, 301, 339, 340, 352, 358, 361, 362, 364, 374, 390, 394, 397]
x_332: [3, 7, 17, 24, 36, 42, 78, 81, 96, 100, 101, 106, 134, 136, 160, 168, 176, 178, 184, 209, 213, 219, 221, 228, 230, 242, 265, 272, 284, 299, 300, 303, 318, 319, 334, 358, 369, 399]
x_333: [16, 19, 23, 25, 30, 31, 56, 82, 90, 99, 127, 130, 140, 149, 153, 155, 180, 185, 186, 204, 207, 232, 234, 282, 295, 309, 312, 314, 317, 325, 336, 348, 352, 357, 358, 372, 377, 385]
x_334: [27, 41, 71, 86, 94, 105, 107, 119, 125, 130, 137, 139, 152, 181, 190, 196, 202, 212, 229, 250, 254, 259, 279, 295, 300, 305, 310, 314, 322, 328, 332, 336, 359, 365, 370, 377, 380, 384, 386]
x_335: [18, 27, 29, 31, 41, 46, 75, 80, 91, 97, 119, 145, 149, 158, 159, 186, 192, 202, 244, 253, 257, 260, 263, 267, 269, 271, 287, 298, 304, 305, 314, 318, 321, 350, 354, 370, 378, 382, 385, 392, 395]
x_336: [38, 58, 78, 89, 105, 129, 135, 142, 147, 161, 162, 177, 182, 205, 207, 214, 219, 222, 223, 228, 245, 247, 249, 265, 268, 273, 276, 283, 287, 292, 293, 302, 333, 334, 338, 349, 356, 371, 387, 389, 396, 398]
x_337: [5, 11, 28, 36, 42, 54, 65, 79, 81, 85, 96, 100, 109, 112, 128, 142, 148, 168, 176, 184, 190, 192, 200, 211, 219, 242, 247, 249, 252, 256, 257, 273, 288, 291, 302, 308, 313, 320, 364, 368, 374, 400]
x_338: [33, 44, 46, 51, 55, 70, 80, 84, 86, 87, 97, 107, 113, 130, 133, 140, 143, 144, 153, 159, 172, 186, 192, 206, 211, 225, 232, 233, 263, 266, 285, 294, 300, 304, 309, 312, 316, 336, 339, 359, 373, 376, 378, 387]
x_339: [3, 5, 29, 35, 38, 48, 62, 74, 102, 122, 126, 128, 142, 177, 210, 228, 234, 275, 278, 286, 288, 290, 301, 320, 326, 331, 338, 342, 343, 352, 375]
x_340: [8, 11, 19, 37, 70, 79, 83, 94, 107, 113, 123, 137, 138, 155, 159, 176, 180, 181, 191, 203, 206, 208, 212, 216, 225, 233, 238, 243, 248, 292, 306, 310, 314, 317, 331, 347, 366, 367, 370]
x_341: [3, 4, 20, 22, 38, 39, 42, 48, 49, 59, 60, 77, 86, 110, 116, 131, 154, 164, 166, 171, 178, 197, 201, 207, 235, 240, 255, 256, 261, 272, 280, 301, 316, 330, 346, 351, 364, 366, 369, 384, 396]
x_342: [1, 8, 14, 23, 27, 36, 57, 63, 66, 82, 90, 91, 121, 139, 143, 175, 216, 227, 229, 236, 238, 246, 254, 257, 259, 298, 307, 312, 328, 339, 345, 353, 354, 357, 359, 363, 370, 386]
x_343: [14, 22, 31, 37, 50, 57, 63, 68, 82, 91, 103, 121, 123, 144, 155, 165, 185, 188, 192, 215, 221, 237, 250, 258, 267, 270, 292, 295, 296, 306, 321, 339, 350, 351, 363, 383, 384, 385]
x_344: [10, 20, 28, 34, 36, 73, 81, 89, 96, 101, 111, 129, 141, 142, 164, 178, 182, 200, 201, 205, 206, 210, 223, 226, 230, 240, 242, 255, 276, 277, 278, 280, 287, 315, 319, 320, 326, 329, 368, 375, 379, 386, 394, 400]
x_345: [3, 5, 7, 17, 36, 49, 62, 108, 109, 114, 116, 141, 146, 171, 174, 175, 184, 196, 199, 211, 224, 247, 253, 261, 272, 323, 330, 342, 354, 355, 371, 375, 379, 383, 394]
x_346: [8, 12, 24, 33, 46, 75, 84, 86, 101, 104, 123, 127, 130, 133, 140, 144, 145, 153, 157, 169, 171, 192, 202, 208, 216, 218, 233, 260, 282, 294, 305, 321, 341, 353, 363, 365, 367, 371, 378, 380, 384, 388, 395]
x_347: [11, 13, 20, 26, 28, 34, 35, 41, 49, 54, 59, 89, 112, 122, 128, 135, 169, 176, 217, 219, 223, 234, 248, 249, 255, 262, 276, 277, 283, 287, 301, 311, 340, 362, 371, 374]
x_348: [2, 20, 22, 43, 67, 73, 74, 109, 116, 118, 124, 129, 131, 174, 175, 176, 179, 180, 196, 197, 199, 280, 289, 311, 333, 362, 389, 397]
x_349: [12, 14, 31, 41, 55, 56, 57, 64, 70, 79, 82, 95, 97, 105, 127, 135, 148, 158, 172, 236, 243, 257, 260, 263, 277, 292, 306, 336, 373, 381, 383, 387, 395]
x_350: [2, 46, 47, 49, 60, 74, 98, 108, 116, 135, 142, 171, 174, 186, 207, 209, 213, 215, 239, 247, 265, 268, 288, 301, 316, 319, 327, 330, 335, 343, 351, 355, 368, 369, 399]
x_351: [14, 16, 21, 22, 25, 30, 32, 50, 55, 57, 79, 82, 90, 92, 94, 125, 140, 146, 151, 163, 172, 221, 225, 232, 238, 267, 296, 307, 310, 312, 314, 324, 329, 341, 343, 350, 352, 353, 363, 378, 382, 387, 395]
x_352: [3, 4, 5, 29, 34, 61, 74, 87, 96, 101, 109, 118, 129, 136, 152, 168, 177, 198, 200, 207, 217, 221, 252, 255, 286, 289, 316, 318, 331, 333, 339, 351, 364, 368, 369, 375, 379]
x_353: [1, 4, 9, 17, 22, 36, 48, 54, 77, 81, 96, 128, 165, 177, 184, 197, 201, 205, 239, 255, 261, 280, 308, 313, 318, 342, 346, 351, 374, 381, 396, 399]
x_354: [6, 9, 17, 20, 26, 38, 49, 60, 61, 65, 73, 98, 100, 101, 114, 122, 126, 134, 141, 146, 148, 152, 190, 194, 207, 219, 220, 224, 228, 231, 239, 248, 261, 262, 297, 318, 335, 342, 345, 383, 394, 399]
x_355: [8, 13, 14, 16, 24, 27, 41, 50, 51, 68, 69, 75, 84, 91, 97, 103, 119, 125, 146, 150, 156, 185, 186, 191, 212, 216, 229, 232, 233, 254, 261, 279, 296, 299, 307, 309, 328, 329, 345, 350, 366, 369, 379, 385]
x_356: [12, 15, 27, 29, 30, 31, 37, 55, 86, 93, 97, 120, 127, 139, 143, 150, 151, 158, 187, 191, 194, 218, 238, 254, 259, 263, 264, 266, 267, 269, 271, 279, 304, 305, 306, 315, 336, 367, 372, 373, 376, 381, 382]
x_357: [6, 7, 10, 22, 36, 47, 54, 58, 76, 77, 81, 88, 89, 102, 109, 110, 114, 116, 118, 126, 134, 152, 170, 171, 174, 178, 181, 190, 194, 205, 211, 217, 256, 261, 280, 293, 302, 303, 308, 330, 333, 342, 360, 362, 368, 380]
x_358: [19, 31, 32, 51, 119, 143, 159, 172, 180, 185, 186, 188, 191, 207, 234, 236, 243, 269, 298, 304, 306, 307, 328, 329, 331, 332, 333, 373, 377, 381, 387, 388, 391]
x_359: [10, 22, 36, 47, 60, 61, 101, 102, 110, 122, 135, 147, 171, 175, 177, 182, 196, 211, 233, 245, 247, 252, 255, 276, 280, 284, 285, 303, 311, 316, 318, 334, 338, 342, 362, 364, 368, 371, 395, 397, 398, 400]
x_360: [4, 6, 11, 34, 38, 40, 47, 58, 76, 88, 89, 98, 108, 116, 129, 132, 147, 162, 168, 181, 195, 196, 199, 211, 228, 230, 235, 239, 245, 252, 253, 256, 272, 273, 275, 277, 278, 289, 293, 301, 302, 308, 319, 357, 364, 380, 389, 394]
x_361: [13, 14, 15, 21, 35, 51, 83, 97, 104, 153, 173, 179, 185, 186, 188, 193, 200, 202, 203, 206, 229, 232, 233, 236, 237, 251, 269, 281, 307, 328, 331, 370, 376, 384, 388, 391]
x_362: [9, 13, 14, 15, 16, 23, 24, 29, 30, 31, 37, 40, 41, 50, 80, 82, 94, 95, 127, 147, 153, 155, 156, 157, 165, 215, 225, 243, 246, 254, 257, 309, 310, 314, 329, 331, 347, 348, 357, 359, 363, 377, 386, 391]
x_363: [6, 11, 19, 20, 35, 49, 67, 77, 110, 117, 118, 122, 135, 155, 161, 167, 178, 184, 190, 195, 196, 205, 209, 214, 223, 224, 230, 234, 247, 268, 273, 275, 283, 286, 297, 323, 342, 343, 346, 351, 362, 374, 379, 397]
x_364: [13, 16, 21, 24, 32, 45, 52, 55, 57, 64, 68, 70, 71, 75, 91, 93, 105, 119, 128, 130, 140, 157, 159, 173, 185, 204, 218, 238, 242, 243, 247, 258, 271, 298, 304, 306, 325, 331, 337, 341, 352, 359, 360, 381, 385, 395]
x_365: [6, 9, 11, 43, 47, 61, 67, 74, 77, 98, 102, 110, 114, 126, 131, 134, 135, 141, 143, 152, 161, 167, 170, 175, 176, 195, 197, 216, 224, 228, 234, 245, 255, 262, 263, 264, 268, 275, 286, 287, 290, 291, 301, 326, 330, 334, 346, 369, 371, 379, 389, 400]
x_366: [5, 36, 58, 77, 78, 85, 86, 88, 89, 108, 129, 132, 142, 147, 152, 154, 160, 167, 170, 175, 182, 211, 221, 223, 234, 242, 253, 261, 264, 268, 273, 280, 283, 293, 313, 330, 340, 341, 355, 371, 379, 384, 399]
x_367: [2, 3, 5, 17, 22, 26, 48, 57, 77, 81, 89, 96, 98, 99, 101, 134, 162, 167, 173, 199, 205, 221, 240, 256, 262, 277, 284, 302, 303, 316, 327, 340, 346, 356, 374, 394]
x_368: [18, 19, 21, 72, 83, 86, 94, 119, 121, 123, 125, 129, 138, 149, 153, 163, 173, 179, 191, 202, 229, 250, 251, 294, 298, 305, 312, 324, 325, 327, 337, 344, 350, 352, 357, 359, 377, 381, 386, 391, 396]
x_369: [1, 13, 24, 57, 63, 69, 75, 83, 84, 99, 124, 125, 127, 130, 139, 145, 165, 172, 173, 179, 187, 203, 215, 229, 233, 243, 246, 254, 258, 260, 261, 263, 304, 305, 312, 317, 332, 341, 350, 352, 355, 365, 377, 379, 381, 388]
x_370: [26, 27, 43, 60, 74, 76, 87, 101, 111, 128, 136, 138, 147, 164, 166, 178, 194, 196, 210, 213, 221, 234, 249, 255, 261, 268, 278, 288, 297, 302, 311, 320, 325, 334, 335, 340, 342, 361, 389, 397]
x_371: [12, 18, 29, 46, 50, 56, 90, 91, 99, 101, 105, 119, 121, 123, 146, 157, 159, 163, 171, 172, 180, 216, 232, 241, 244, 267, 306, 307, 310, 321, 328, 336, 345, 346, 347, 359, 365, 366, 372, 373]
x_372: [3, 5, 6, 10, 11, 26, 34, 38, 54, 67, 115, 118, 120, 157, 162, 200, 242, 245, 246, 247, 249, 255, 272, 278, 290, 303, 311, 315, 319, 326, 330, 333, 356, 371, 375, 389, 394, 396]
x_373: [2, 61, 74, 80, 85, 108, 110, 111, 118, 128, 147, 152, 161, 174, 177, 178, 197, 198, 201, 207, 208, 214, 220, 223, 234, 247, 268, 276, 287, 289, 293, 296, 311, 315, 326, 338, 349, 356, 358, 371, 375, 396, 399, 400]
x_374: [16, 21, 44, 54, 56, 95, 107, 127, 133, 134, 138, 143, 155, 158, 163, 180, 186, 188, 215, 246, 257, 259, 314, 331, 337, 347, 353, 363, 367, 376, 382, 391, 400]
x_375: [29, 31, 33, 45, 52, 64, 69, 71, 72, 99, 117, 120, 124, 131, 155, 157, 158, 173, 177, 183, 184, 187, 188, 212, 237, 238, 244, 250, 259, 266, 267, 270, 298, 299, 307, 328, 339, 344, 345, 352, 372, 373, 385, 392]
x_376: [2, 4, 9, 49, 54, 61, 66, 100, 101, 112, 116, 122, 131, 134, 136, 148, 160, 162, 167, 168, 174, 176, 177, 198, 199, 213, 218, 228, 230, 248, 255, 256, 259, 284, 291, 295, 297, 338, 356, 361, 374]
x_377: [7, 17, 28, 42, 47, 73, 76, 100, 106, 116, 119, 131, 136, 148, 162, 166, 170, 171, 176, 194, 200, 209, 217, 219, 224, 226, 228, 230, 243, 253, 262, 272, 277, 284, 297, 302, 309, 316, 323, 333, 334, 358, 362, 368, 369]
x_378: [5, 6, 7, 22, 36, 40, 63, 73, 88, 89, 112, 141, 160, 164, 170, 176, 197, 198, 199, 201, 217, 220, 222, 230, 232, 272, 280, 308, 327, 328, 335, 338, 346, 351, 396, 398, 399]
x_379: [12, 14, 15, 27, 37, 41, 50, 82, 95, 117, 144, 149, 155, 173, 180, 192, 202, 227, 232, 243, 261, 266, 299, 309, 310, 314, 329, 344, 345, 352, 355, 363, 365, 366, 369, 383]
x_380: [4, 7, 20, 35, 39, 48, 53, 58, 106, 111, 114, 129, 136, 148, 154, 174, 177, 181, 182, 184, 189, 194, 195, 201, 207, 210, 214, 273, 276, 287, 289, 303, 334, 346, 357, 360, 399]
x_381: [1, 4, 5, 6, 11, 17, 22, 54, 58, 67, 76, 78, 102, 114, 129, 131, 134, 154, 165, 170, 207, 210, 211, 234, 249, 261, 286, 287, 297, 301, 308, 315, 349, 353, 356, 358, 364, 368, 369, 389, 390, 394]
x_382: [2, 8, 12, 39, 42, 48, 59, 62, 74, 76, 81, 85, 87, 98, 108, 114, 118, 129, 147, 149, 161, 166, 171, 174, 175, 177, 182, 197, 217, 235, 262, 264, 273, 275, 293, 303, 335, 351, 356, 374, 397, 399]
x_383: [2, 5, 7, 26, 28, 39, 42, 62, 65, 100, 114, 131, 142, 146, 148, 171, 177, 217, 223, 226, 249, 262, 264, 273, 286, 289, 301, 303, 313, 315, 343, 345, 349, 354, 379, 394]
x_384: [11, 53, 54, 61, 66, 67, 74, 81, 86, 89, 109, 111, 129, 135, 142, 152, 177, 182, 196, 211, 220, 222, 224, 228, 230, 242, 245, 249, 252, 262, 273, 280, 287, 288, 291, 293, 302, 303, 313, 316, 326, 334, 341, 343, 346, 361, 366, 400]
x_385: [9, 11, 31, 34, 35, 64, 66, 73, 85, 106, 107, 111, 128, 142, 148, 175, 177, 195, 210, 214, 221, 224, 234, 235, 247, 248, 249, 261, 273, 284, 286, 287, 290, 293, 301, 308, 330, 333, 335, 343, 355, 364, 375, 389, 394]
x_386: [2, 11, 28, 34, 36, 49, 54, 58, 77, 98, 101, 111, 115, 122, 126, 132, 154, 174, 178, 184, 189, 200, 205, 206, 210, 220, 221, 228, 230, 247, 249, 261, 275, 286, 289, 308, 329, 334, 342, 344, 362, 368, 398, 400]
x_387: [20, 36, 42, 48, 54, 96, 102, 105, 109, 110, 115, 126, 128, 134, 141, 162, 167, 171, 177, 184, 194, 205, 230, 272, 277, 280, 292, 301, 302, 303, 313, 330, 336, 338, 349, 351, 358, 394, 397, 398, 399]
x_388: [4, 42, 47, 49, 54, 62, 65, 71, 74, 78, 89, 102, 109, 114, 136, 152, 159, 166, 168, 170, 175, 177, 184, 199, 217, 235, 239, 248, 249, 254, 255, 256, 264, 276, 297, 346, 358, 361, 369, 394, 400]
x_389: [5, 18, 44, 45, 60, 79, 103, 105, 122, 125, 150, 155, 172, 180, 188, 192, 215, 232, 238, 243, 258, 266, 267, 279, 309, 314, 324, 325, 336, 348, 360, 365, 370, 372, 381, 385, 391, 392]
x_390: [8, 13, 15, 32, 39, 45, 55, 57, 80, 93, 94, 95, 104, 117, 121, 127, 138, 144, 149, 151, 237, 251, 260, 270, 271, 285, 289, 325, 329, 331, 381, 393, 399]
x_391: [6, 17, 26, 36, 37, 48, 53, 61, 67, 73, 78, 81, 87, 89, 98, 110, 128, 136, 147, 154, 156, 162, 177, 189, 211, 220, 231, 241, 248, 252, 268, 275, 277, 278, 283, 286, 311, 319, 326, 330, 358, 361, 362, 368, 374, 389, 396, 398]
x_392: [9, 10, 18, 34, 36, 49, 58, 65, 87, 98, 102, 103, 142, 147, 189, 200, 204, 211, 213, 220, 221, 222, 223, 226, 245, 253, 261, 273, 278, 283, 301, 315, 335, 375, 389, 398, 400]
x_393: [4, 9, 11, 20, 34, 61, 62, 75, 93, 109, 111, 118, 141, 145, 152, 161, 168, 177, 194, 195, 196, 205, 209, 210, 213, 226, 247, 252, 272, 275, 276, 313, 315, 319, 330, 390]
x_394: [8, 12, 16, 24, 30, 32, 37, 41, 47, 53, 55, 57, 59, 63, 68, 69, 83, 103, 107, 119, 140, 145, 153, 158, 181, 202, 216, 236, 241, 246, 254, 257, 321, 325, 328, 331, 344, 345, 354, 360, 367, 372, 381, 383, 385, 387, 388]
x_395: [2, 3, 4, 17, 20, 43, 48, 59, 60, 61, 116, 141, 142, 152, 175, 182, 189, 195, 198, 209, 213, 220, 231, 233, 235, 242, 247, 262, 265, 273, 276, 284, 285, 286, 287, 288, 313, 330, 335, 346, 349, 351, 359, 364, 398]
x_396: [16, 29, 80, 93, 97, 121, 125, 129, 130, 138, 145, 169, 186, 192, 204, 208, 215, 218, 233, 238, 243, 257, 292, 295, 298, 314, 321, 322, 327, 336, 341, 353, 368, 372, 373, 378, 391]
x_397: [13, 18, 52, 55, 57, 70, 86, 92, 107, 108, 120, 124, 126, 150, 151, 169, 191, 204, 206, 208, 212, 225, 244, 246, 260, 274, 325, 329, 330, 331, 348, 359, 363, 370, 382, 387]
x_398: [1, 12, 13, 14, 15, 33, 70, 72, 80, 93, 117, 119, 125, 143, 144, 149, 155, 156, 169, 178, 189, 192, 218, 224, 225, 229, 250, 260, 282, 292, 304, 310, 336, 359, 378, 386, 387, 391, 392, 395]
x_399: [1, 8, 16, 21, 25, 27, 39, 46, 51, 52, 75, 79, 93, 121, 127, 133, 149, 204, 208, 216, 225, 236, 254, 269, 270, 281, 285, 289, 295, 322, 324, 325, 332, 350, 353, 354, 366, 373, 378, 380, 382, 387, 390]
x_400: [1, 12, 25, 32, 45, 54, 68, 72, 79, 82, 84, 95, 97, 119, 124, 134, 146, 151, 158, 159, 172, 183, 192, 202, 212, 238, 250, 258, 259, 260, 285, 296, 310, 314, 325, 328, 337, 344, 359, 365, 373, 374, 384, 386, 388, 392]