20
4 5 2 7 8 3 2 2 1 7 9 5 1 4 9 9 6 5 3 2
5 4 1 5 5 4 3 5 5 6 2 10 6 7 9 4 3 4 8 5
0 2 1 0 1 2 2 1 2 0 1 1 2 1 1 1 0 0 1 1
0 0 0 0 1 2 1 2 2 2 1 2 1 0 2 0 0 1 0 2
2 0 1 1 0 1 1 2 2 1 2 2 0 1 0 0 2 0 1 2
2 0 0 0 1 0 1 1 0 0 1 2 0 1 2 2 1 0 1 1
1 0 2 0 1 2 2 0 1 2 0 1 1 0 1 1 2 0 1 2
0 1 0 1 0 0 1 1 1 2 0 1 0 1 0 0 0 0 0 2
0 2 2 0 2 0 0 2 1 2 0 1 0 0 2 1 1 2 0 1
0 0 1 1 1 0 0 0 1 1 0 2 1 0 1 0 0 0 1 1
0 2 0 0 1 1 0 0 1 0 1 2 0 2 1 2 2 2 2 0
1 1 0 1 0 2 0 1 0 1 2 1 2 1 1 2 0 2 2 1
1 1 1 0 1 2 2 0 0 0 1 2 0 1 2 0 0 2 2 1
2 1 2 1 1 0 0 0 0 0 0 2 1 0 1 1 0 2 0 0
0 2 2 1 2 1 2 1 0 0 0 0 2 2 0 1 2 1 2 0
0 1 0 2 0 1 1 0 0 2 1 1 0 0 1 1 0 1 1 0
0 0 2 1 2 1 1 2 1 0 2 0 2 0 1 1 1 0 2 0
1 0 0 2 0 1 1 1 1 2 0 2 0 0 0 2 1 0 2 0
1 2 2 1 2 0 2 0 1 1 1 0 0 2 0 0 2 0 2 1
2 1 2 1 2 1 2 2 1 1 0 1 2 1 2 1 0 0 1 0
2 0 2 2 0 1 1 0 2 1 2 2 0 0 1 2 0 0 1 2
1 1 0 1 0 2 0 2 0 1 0 0 0 2 1 2 2 0 0 0
0 2 1 2 2 0 2 2 1 2 1 2 0 1 2 0 1 1 0 0
