150
39 19 7 20 84 112 73 2 92 83 53 92 89 21 31 12 26 35 59 17 105 61 106 23 55 48 39 3 49 11 35 103 18 74 62 109 1 39 86 103 104 23 47 107 21 10 35 1 17 44 86 99 107 98 47 66 70 84 86 105 20 15 100 98 26 58 36 85 81 27 97 27 58 105 26 67 10 12 53 53 56 79 105 72 86 59 23 106 64 74 93 34 14 26 39 13 81 48 40 45 12 1 28 41 13 79 28 58 88 52 50 99 69 26 32 56 55 104 17 46 36 81 47 16 6 89 92 110 83 49 91 48 63 74 100 24 41 11 78 59 32 40 111 94 69 54 72 75 89 109
x_1: [146, 17, 66, 31, 127, 116, 121, 98, 54, 25, 125, 8, 100, 111, 115, 69, 59, 27, 82, 6, 7, 139, 3, 56, 109, 136, 57, 113, 142, 60, 2, 14, 20, 22, 37, 39, 47, 51, 61, 67, 68, 74, 79, 80, 83, 86, 89, 90, 92, 95, 97, 101, 102, 104, 108, 120, 128, 130, 135, 138, 140, 143, 144, 150]
x_2: [60, 57, 118, 75, 6, 107, 143, 26, 48, 76, 31, 86, 129, 109, 130, 49, 78, 73, 128, 101, 9, 123, 63, 104, 45, 94, 141, 96, 23, 113, 131, 28, 42, 134, 95, 126, 8, 121, 12, 79, 149, 44, 59, 4, 52, 139, 132, 89, 148, 91, 69, 99, 34, 133, 144, 53, 110, 15, 124, 146, 142, 106, 125, 92, 1, 138, 85, 7, 11, 14, 18, 29, 32, 35, 36, 41, 47, 51, 54, 55, 56, 61, 62, 66, 67, 68, 74, 77, 80, 82, 87, 90, 93, 97, 102, 112, 114, 115, 116, 117, 122, 140, 145, 150]
x_3: [1, 141, 150, 47, 24, 142, 66, 9, 19, 22, 5, 116, 4, 72, 64, 69, 29, 48, 89, 75, 18, 43, 41, 136, 44, 70, 76, 117, 83, 128, 122, 30, 7, 80, 99, 88, 108, 49, 67, 28, 65, 131, 54, 111, 6, 58, 8, 13, 14, 15, 16, 17, 27, 31, 34, 42, 46, 50, 51, 55, 56, 57, 59, 60, 62, 68, 71, 73, 78, 85, 86, 90, 92, 95, 96, 98, 100, 103, 106, 110, 113, 114, 115, 130, 135, 137, 138, 139, 144, 146]
x_4: [2, 3, 102, 38, 10, 42, 115, 5, 8, 11, 18, 19, 22, 24, 30, 34, 43, 47, 52, 53, 54, 58, 62, 72, 74, 77, 78, 84, 86, 87, 88, 92, 93, 94, 96, 98, 100, 101, 104, 107, 108, 109, 110, 111, 114, 117, 119, 120, 122, 124, 132, 133, 137, 139, 144, 146]
x_5: [3, 110, 140, 57, 133, 116, 58, 135, 8, 102, 148, 83, 16, 77, 33, 55, 13, 79, 19, 20, 80, 41, 107, 145, 65, 34, 144, 10, 56, 146, 118, 44, 131, 97, 52, 89, 26, 53, 147, 111, 50, 127, 27, 100, 76, 130, 128, 84, 103, 73, 35, 87, 69, 25, 98, 141, 137, 125, 61, 17, 11, 22, 43, 138, 86, 66, 95, 88, 30, 75, 126, 149, 142, 105, 38, 21, 94, 71, 28, 12, 4, 24, 106, 49, 62, 7, 14, 18, 29, 37, 42, 46, 48, 51, 54, 59, 64, 67, 74, 78, 81, 92, 93, 104, 109, 112, 114, 117, 120, 122, 124, 134, 136]
x_6: [1, 2, 3, 42, 30, 116, 43, 62, 41, 27, 112, 97, 139, 76, 141, 65, 123, 81, 26, 54, 82, 11, 7, 101, 103, 17, 117, 29, 56, 121, 92, 67, 47, 79, 51, 64, 93, 21, 72, 23, 115, 24, 148, 87, 59, 100, 84, 48, 149, 78, 63, 86, 140, 57, 19, 69, 142, 20, 75, 127, 40, 129, 131, 45, 46, 39, 37, 28, 132, 33, 53, 9, 77, 8, 10, 14, 15, 16, 36, 38, 44, 52, 58, 68, 73, 74, 80, 83, 85, 102, 105, 110, 111, 120, 124, 138, 144, 145, 146]
x_7: [1, 3, 6, 138, 41, 13, 64, 65, 17, 115, 111, 141, 139, 113, 117, 102, 87, 44, 67, 125, 107, 147, 5, 16, 91, 149, 36, 33, 71, 145, 103, 45, 23, 60, 2, 46, 136, 82, 129, 58, 62, 81, 127, 123, 106, 144, 57, 19, 131, 95, 53, 80, 77, 142, 96, 43, 119, 22, 32, 132, 97, 40, 110, 56, 146, 14, 101, 90, 99, 140, 11, 135, 24, 66, 26, 69, 21, 114, 98, 84, 55, 31, 8, 18, 25, 37, 42, 47, 50, 59, 63, 68, 78, 93, 100, 104, 105, 109, 120, 130, 133, 137]
x_8: [1, 2, 5, 105, 31, 76, 72, 64, 97, 144, 49, 136, 113, 149, 6, 63, 67, 53, 45, 73, 38, 139, 52, 70, 80, 150, 65, 115, 44, 140, 92, 126, 108, 32, 54, 147, 99, 28, 7, 146, 4, 35, 20, 129, 96, 112, 83, 114, 116, 90, 79, 103, 87, 127, 29, 98, 143, 131, 51, 119, 133, 93, 135, 100, 110, 104, 18, 75, 40, 102, 46, 19, 3, 68, 106, 78, 39, 125, 120, 12, 26, 109, 91, 43, 130, 42, 24, 71, 9, 11, 13, 16, 17, 22, 27, 34, 36, 37, 41, 48, 57, 59, 60, 61, 62, 69, 74, 95, 117, 122, 124, 132]
x_9: [2, 3, 6, 86, 69, 18, 20, 134, 95, 120, 131, 143, 13, 44, 77, 70, 92, 60, 101, 144, 103, 45, 124, 67, 85, 57, 63, 8, 104, 82, 111, 64, 49, 19, 43, 149, 114, 38, 68, 118, 135, 42, 36, 113, 93, 80, 62, 30, 53, 79, 28, 59, 102, 83, 127, 26, 48, 10, 12, 22, 27, 29, 46, 50, 51, 52, 65, 73, 74, 76, 78, 84, 90, 94, 97, 98, 100, 105, 112, 116, 117, 122, 129, 130, 132, 133, 136, 138, 140, 142, 148]
x_10: [4, 5, 15, 6, 56, 9, 127, 136, 114, 88, 71, 31, 45, 25, 11, 14, 17, 20, 22, 27, 30, 33, 38, 42, 43, 44, 47, 49, 51, 52, 54, 57, 59, 60, 62, 65, 67, 68, 73, 77, 78, 80, 82, 87, 90, 93, 94, 95, 96, 97, 98, 102, 104, 107, 108, 112, 113, 116, 117, 125, 130, 133, 135, 137, 138, 139, 142, 143, 144, 149]
x_11: [5, 6, 7, 103, 60, 127, 116, 97, 44, 61, 73, 119, 141, 149, 100, 55, 67, 85, 128, 29, 21, 12, 4, 2, 123, 82, 99, 74, 51, 41, 39, 8, 38, 139, 15, 145, 98, 66, 34, 78, 10, 138, 16, 135, 71, 31, 111, 24, 14, 17, 19, 22, 25, 36, 37, 42, 43, 46, 47, 49, 50, 52, 54, 57, 62, 69, 79, 80, 84, 87, 89, 91, 94, 104, 105, 108, 112, 117, 122, 124, 125, 129, 132, 133, 136, 137, 140, 146]
x_12: [2, 5, 8, 11, 128, 34, 72, 50, 115, 100, 85, 69, 67, 63, 16, 45, 90, 110, 144, 134, 91, 141, 106, 138, 52, 109, 18, 19, 65, 46, 25, 39, 53, 14, 24, 132, 121, 129, 95, 26, 81, 33, 137, 9, 13, 21, 27, 29, 36, 38, 41, 43, 47, 51, 54, 56, 58, 60, 62, 64, 68, 70, 71, 74, 75, 78, 79, 80, 84, 86, 98, 99, 101, 104, 107, 108, 113, 120, 122, 130, 131, 135, 136, 139, 140, 142, 143, 146]
x_13: [5, 7, 9, 33, 102, 115, 135, 70, 24, 65, 84, 22, 78, 99, 15, 67, 81, 34, 98, 30, 25, 109, 63, 129, 143, 53, 85, 87, 131, 101, 150, 124, 27, 144, 149, 134, 138, 8, 75, 41, 52, 95, 100, 105, 89, 148, 17, 12, 77, 137, 107, 82, 91, 3, 32, 39, 147, 18, 116, 72, 123, 117, 94, 21, 35, 126, 93, 104, 79, 119, 88, 130, 43, 38, 57, 145, 29, 48, 106, 26, 16, 19, 36, 42, 47, 51, 61, 64, 68, 73, 80, 86, 90, 92, 110, 113, 120, 121, 132, 136, 139, 140, 146]
x_14: [7, 12, 69, 28, 53, 67, 18, 147, 135, 21, 19, 56, 45, 131, 111, 6, 95, 125, 73, 57, 52, 127, 61, 109, 116, 94, 140, 49, 124, 66, 105, 3, 137, 98, 132, 20, 104, 149, 150, 11, 91, 118, 2, 77, 139, 31, 78, 81, 142, 106, 133, 79, 34, 130, 114, 36, 141, 42, 65, 145, 10, 108, 103, 5, 24, 99, 119, 70, 96, 87, 100, 117, 30, 38, 107, 33, 74, 71, 86, 126, 17, 39, 59, 27, 40, 123, 26, 48, 1, 23, 110, 16, 43, 46, 47, 50, 51, 54, 60, 62, 68, 76, 83, 90, 92, 112, 113, 129, 136, 138]
x_15: [2, 10, 11, 13, 109, 89, 27, 142, 108, 31, 68, 72, 46, 123, 55, 23, 100, 32, 115, 76, 131, 128, 101, 30, 28, 39, 99, 52, 43, 134, 66, 107, 138, 74, 127, 140, 87, 125, 3, 69, 139, 113, 77, 26, 59, 71, 70, 64, 106, 38, 34, 50, 105, 144, 137, 79, 126, 95, 121, 62, 47, 149, 116, 130, 84, 136, 35, 81, 85, 33, 36, 58, 145, 45, 129, 146, 6, 57, 22, 88, 133, 98, 65, 37, 147, 20, 24, 17, 19, 44, 56, 60, 63, 67, 78, 80, 83, 90, 92, 93, 94, 97, 110, 114, 132, 135]
x_16: [5, 7, 11, 12, 64, 69, 136, 13, 93, 8, 21, 36, 103, 96, 62, 25, 85, 71, 3, 132, 83, 29, 91, 33, 70, 104, 24, 148, 122, 145, 108, 138, 101, 78, 57, 141, 35, 14, 131, 45, 56, 112, 140, 6, 65, 68, 27, 18, 143, 130, 149, 79, 115, 34, 40, 20, 37, 124, 86, 94, 75, 41, 98, 113, 31, 38, 43, 44, 52, 53, 58, 59, 60, 63, 66, 74, 76, 77, 80, 87, 90, 92, 95, 97, 99, 100, 106, 110, 117, 119, 125, 139, 142, 144, 146, 150]
x_17: [1, 5, 6, 7, 13, 14, 76, 3, 138, 34, 98, 144, 26, 118, 8, 111, 109, 71, 95, 105, 104, 119, 121, 10, 11, 29, 36, 136, 131, 92, 142, 70, 146, 122, 63, 62, 28, 41, 30, 81, 89, 65, 15, 112, 107, 97, 88, 113, 61, 133, 37, 132, 45, 140, 125, 32, 150, 123, 54, 99, 21, 22, 25, 27, 38, 42, 43, 46, 53, 55, 56, 57, 59, 60, 73, 74, 78, 79, 82, 86, 94, 96, 103, 108, 115, 116, 117, 130, 134, 137, 139, 143]
x_18: [3, 8, 9, 12, 13, 14, 16, 102, 59, 26, 64, 86, 85, 63, 119, 121, 95, 127, 50, 111, 113, 103, 139, 31, 147, 125, 69, 33, 39, 4, 97, 107, 28, 7, 20, 47, 118, 129, 74, 40, 135, 66, 5, 138, 101, 2, 27, 29, 30, 37, 38, 41, 42, 44, 46, 49, 52, 56, 58, 60, 61, 67, 77, 80, 81, 83, 84, 87, 90, 93, 98, 100, 105, 106, 120, 123, 124, 130, 134, 136, 137, 140, 143, 146]
x_19: [3, 5, 6, 7, 8, 9, 12, 14, 64, 109, 41, 46, 88, 62, 20, 138, 143, 42, 45, 97, 150, 132, 56, 110, 61, 11, 133, 49, 130, 102, 120, 31, 146, 13, 100, 23, 144, 25, 123, 4, 80, 72, 107, 43, 35, 82, 137, 115, 129, 142, 52, 127, 93, 39, 67, 22, 87, 37, 66, 65, 90, 99, 145, 34, 58, 51, 149, 140, 148, 36, 118, 101, 40, 15, 104, 98, 74, 92, 77, 126, 75, 54, 119, 27, 96, 114, 81, 29, 30, 44, 47, 48, 53, 57, 59, 60, 68, 70, 73, 78, 83, 84, 85, 95, 103, 111, 116, 117, 128, 135]
x_20: [5, 6, 8, 9, 14, 15, 16, 18, 19, 29, 112, 63, 54, 130, 102, 32, 55, 99, 133, 35, 149, 66, 1, 31, 52, 145, 97, 124, 140, 60, 69, 10, 43, 142, 129, 21, 22, 42, 46, 48, 64, 67, 68, 74, 76, 79, 81, 82, 84, 86, 91, 96, 98, 103, 104, 105, 107, 108, 110, 111, 113, 114, 115, 116, 122, 131, 135, 138, 139, 146]
x_21: [5, 6, 7, 11, 13, 14, 16, 106, 71, 108, 103, 70, 127, 26, 34, 48, 144, 117, 12, 126, 55, 101, 138, 87, 63, 25, 20, 109, 114, 49, 45, 129, 131, 99, 134, 93, 51, 60, 17, 88, 118, 46, 38, 74, 121, 150, 145, 102, 24, 132, 147, 78, 69, 91, 29, 30, 43, 44, 47, 52, 53, 54, 56, 59, 61, 64, 65, 67, 73, 77, 80, 81, 82, 84, 92, 97, 98, 111, 112, 116, 122, 124, 125, 136, 139, 146]
x_22: [3, 5, 7, 13, 15, 19, 123, 110, 78, 82, 39, 143, 72, 17, 93, 107, 101, 134, 148, 149, 30, 10, 147, 136, 4, 26, 86, 87, 95, 142, 9, 150, 125, 139, 115, 129, 140, 1, 42, 84, 55, 38, 28, 104, 131, 108, 88, 67, 64, 68, 102, 141, 73, 20, 44, 69, 106, 33, 61, 54, 71, 132, 53, 81, 76, 133, 35, 114, 94, 8, 11, 135, 109, 48, 51, 60, 34, 130, 32, 118, 117, 91, 57, 126, 43, 65, 59, 45, 52, 74, 63, 96, 41, 50, 56, 62, 92, 97, 98, 103, 111, 113, 116, 120, 122, 137, 144]
x_23: [2, 6, 7, 14, 15, 19, 50, 47, 49, 77, 149, 110, 122, 94, 125, 27, 148, 111, 150, 88, 87, 108, 28, 30, 36, 37, 38, 43, 51, 53, 54, 56, 57, 59, 60, 64, 69, 71, 75, 78, 80, 82, 83, 85, 97, 98, 99, 100, 103, 105, 113, 114, 115, 117, 120, 129, 132, 138, 140, 146]
x_24: [3, 5, 6, 7, 8, 11, 12, 13, 14, 15, 16, 21, 132, 127, 145, 141, 129, 123, 148, 116, 121, 43, 69, 135, 78, 102, 139, 67, 66, 80, 4, 118, 92, 60, 131, 114, 54, 122, 86, 38, 99, 112, 29, 79, 97, 84, 87, 85, 27, 35, 37, 41, 46, 47, 50, 52, 56, 57, 59, 62, 68, 71, 72, 73, 74, 77, 90, 93, 94, 95, 98, 134, 138, 144, 147]
x_25: [1, 5, 10, 12, 13, 16, 19, 21, 17, 33, 76, 105, 88, 60, 7, 47, 130, 147, 94, 78, 97, 108, 135, 119, 51, 11, 62, 58, 63, 102, 98, 54, 39, 77, 93, 29, 30, 34, 35, 36, 37, 41, 44, 46, 52, 57, 59, 61, 67, 69, 74, 75, 80, 82, 83, 85, 86, 92, 103, 104, 110, 113, 115, 117, 118, 120, 133, 136, 138, 139, 140, 142, 150]
x_26: [2, 5, 6, 7, 8, 9, 12, 13, 14, 15, 17, 18, 21, 22, 79, 27, 34, 38, 40, 41, 43, 47, 49, 51, 59, 61, 67, 71, 73, 74, 86, 87, 94, 95, 96, 100, 101, 103, 105, 109, 111, 113, 116, 117, 120, 122, 128, 129, 130, 132, 133, 137, 138, 143, 144]
x_27: [1, 5, 6, 13, 14, 15, 16, 19, 23, 128, 44, 38, 8, 95, 112, 142, 88, 132, 126, 82, 29, 150, 75, 141, 71, 110, 3, 80, 30, 129, 57, 68, 96, 60, 131, 42, 34, 18, 56, 109, 17, 9, 138, 87, 86, 144, 55, 121, 52, 69, 76, 149, 134, 65, 47, 54, 101, 62, 143, 116, 10, 85, 84, 105, 31, 145, 48, 130, 24, 58, 46, 78, 26, 81, 114, 39, 12, 74, 89, 59, 135, 64, 36, 37, 53, 66, 73, 90, 98, 103, 104, 111, 117, 120, 122, 124, 133, 139, 140, 146, 147, 148]
x_28: [2, 3, 5, 6, 8, 9, 14, 15, 17, 18, 22, 65, 50, 84, 90, 92, 117, 98, 99, 23, 29, 33, 34, 36, 37, 38, 39, 41, 43, 46, 47, 48, 53, 57, 59, 60, 61, 62, 67, 68, 70, 71, 78, 80, 86, 87, 95, 101, 103, 104, 106, 108, 111, 114, 116, 124, 132, 133, 136, 138, 139, 142, 143]
x_29: [3, 6, 8, 11, 13, 16, 17, 20, 24, 27, 63, 126, 88, 46, 30, 62, 19, 112, 71, 137, 78, 86, 95, 105, 117, 94, 91, 81, 102, 121, 131, 5, 33, 44, 146, 141, 39, 43, 118, 35, 42, 21, 65, 61, 92, 122, 80, 110, 40, 116, 28, 18, 48, 123, 9, 12, 50, 130, 129, 96, 31, 97, 70, 54, 64, 84, 145, 104, 93, 60, 75, 2, 51, 25, 58, 69, 37, 59, 147, 139, 111, 113, 149, 132, 47, 36, 38, 45, 52, 56, 67, 68, 77, 79, 83, 85, 87, 89, 98, 99, 100, 103, 106, 109, 125, 135, 138, 143, 144]
x_30: [3, 5, 6, 9, 13, 14, 15, 17, 22, 27, 29, 92, 51, 111, 19, 71, 53, 59, 37, 35, 54, 42, 125, 93, 48, 61, 55, 23, 113, 88, 43, 148, 56, 81, 123, 142, 10, 94, 128, 144, 90, 18, 131, 82, 146, 80, 147, 124, 87, 107, 68, 83, 47, 84, 58, 65, 79, 4, 76, 75, 72, 145, 127, 73, 66, 45, 91, 25, 102, 134, 50, 116, 39, 63, 64, 21, 133, 130, 121, 44, 99, 96, 95, 140, 78, 114, 38, 41, 46, 60, 62, 67, 69, 74, 98, 104, 117, 119, 120, 132, 143]
x_31: [1, 2, 7, 8, 10, 11, 14, 15, 16, 18, 19, 20, 27, 29, 94, 146, 87, 45, 126, 123, 3, 148, 60, 114, 32, 36, 38, 42, 43, 46, 47, 52, 53, 56, 57, 58, 59, 61, 65, 70, 73, 83, 84, 86, 92, 93, 95, 100, 104, 105, 113, 120, 122, 128, 132, 136, 137, 139, 150]
x_32: [7, 8, 13, 15, 17, 20, 22, 131, 54, 103, 120, 81, 68, 36, 44, 85, 34, 47, 136, 79, 60, 142, 110, 118, 80, 134, 130, 53, 73, 40, 2, 88, 31, 109, 98, 132, 46, 113, 116, 137, 114, 94, 37, 52, 56, 57, 59, 64, 67, 69, 71, 75, 82, 84, 89, 90, 92, 95, 97, 100, 101, 111, 112, 122, 123, 124, 128, 129, 135, 138, 139, 140, 143, 144, 145]
x_33: [5, 6, 7, 12, 13, 14, 15, 16, 18, 22, 25, 29, 28, 138, 100, 36, 114, 102, 47, 122, 115, 134, 10, 50, 37, 38, 41, 43, 46, 51, 52, 53, 54, 59, 60, 67, 68, 72, 73, 80, 82, 83, 86, 87, 92, 98, 105, 110, 112, 113, 116, 117, 120, 124, 125, 132, 139, 140, 143]
x_34: [2, 5, 11, 12, 13, 14, 15, 16, 17, 19, 21, 22, 27, 32, 126, 100, 75, 90, 45, 70, 47, 8, 143, 141, 59, 115, 82, 114, 86, 120, 72, 105, 85, 130, 25, 43, 103, 139, 110, 123, 39, 38, 36, 50, 58, 56, 117, 40, 109, 96, 144, 83, 102, 4, 125, 78, 149, 81, 26, 118, 28, 138, 127, 88, 119, 101, 62, 52, 63, 108, 89, 93, 54, 74, 99, 3, 57, 60, 37, 41, 53, 64, 67, 68, 73, 79, 80, 84, 92, 95, 98, 113, 124, 131, 132, 133, 136, 140, 145]
x_35: [5, 8, 13, 15, 16, 19, 20, 22, 29, 30, 82, 99, 53, 76, 25, 112, 2, 90, 24, 105, 40, 137, 46, 88, 37, 97, 36, 38, 42, 43, 49, 52, 54, 56, 58, 59, 60, 61, 64, 66, 67, 70, 71, 77, 78, 79, 83, 86, 89, 92, 93, 98, 101, 113, 120, 128, 136, 139, 140, 147, 148]
x_36: [7, 9, 14, 15, 16, 17, 19, 32, 33, 34, 84, 139, 134, 71, 54, 50, 41, 43, 138, 42, 38, 31, 114, 150, 111, 35, 86, 82, 6, 92, 45, 58, 61, 128, 126, 23, 137, 121, 145, 37, 93, 72, 90, 99, 122, 8, 136, 119, 51, 62, 53, 2, 78, 11, 69, 133, 49, 28, 29, 103, 85, 27, 115, 148, 124, 96, 106, 112, 95, 141, 101, 117, 113, 146, 25, 135, 12, 107, 88, 13, 130, 94, 46, 47, 56, 57, 60, 63, 67, 68, 77, 79, 80, 97, 104, 105, 120, 123, 131, 132]
x_37: [6, 15, 16, 17, 19, 29, 30, 35, 36, 32, 112, 39, 5, 94, 34, 74, 7, 121, 124, 18, 111, 24, 140, 129, 25, 33, 138, 101, 105, 62, 134, 98, 123, 82, 113, 54, 95, 27, 91, 28, 51, 23, 1, 132, 61, 79, 125, 147, 110, 144, 77, 11, 8, 71, 57, 69, 83, 41, 46, 47, 52, 56, 58, 60, 63, 64, 67, 68, 73, 76, 80, 85, 90, 93, 100, 116, 117, 133, 135, 139, 142, 143, 150]
x_38: [4, 5, 8, 9, 11, 13, 14, 15, 16, 21, 22, 24, 27, 34, 36, 137, 69, 132, 45, 113, 117, 76, 150, 47, 83, 131, 102, 106, 144, 123, 57, 79, 17, 127, 30, 93, 67, 80, 139, 78, 28, 129, 10, 115, 121, 146, 84, 96, 33, 138, 52, 119, 73, 6, 145, 103, 29, 26, 147, 128, 136, 88, 12, 49, 44, 31, 143, 42, 39, 59, 56, 23, 91, 112, 35, 74, 148, 64, 18, 68, 111, 122, 109, 48, 55, 110, 107, 46, 58, 94, 41, 43, 53, 54, 60, 62, 71, 75, 87, 92, 97, 98, 99, 100, 104, 108, 116, 120, 124, 130, 140]
x_39: [6, 8, 11, 12, 13, 14, 15, 18, 19, 22, 25, 27, 29, 30, 34, 37, 38, 115, 83, 56, 57, 66, 40, 134, 98, 28, 123, 1, 121, 80, 68, 75, 54, 43, 44, 46, 47, 50, 53, 59, 60, 64, 69, 70, 72, 73, 74, 76, 82, 86, 95, 102, 111, 113, 116, 117, 120, 124, 127, 131, 137, 138]
x_40: [6, 7, 8, 14, 16, 18, 19, 29, 32, 34, 35, 39, 98, 118, 138, 60, 127, 26, 76, 41, 44, 46, 47, 49, 52, 53, 54, 57, 59, 62, 64, 70, 75, 78, 80, 82, 83, 85, 90, 92, 93, 97, 100, 104, 105, 106, 110, 111, 113, 114, 117, 128, 129, 131, 134, 135, 139, 143, 144, 147, 149]
x_41: [3, 5, 6, 7, 11, 13, 16, 17, 19, 36, 52, 133, 86, 26, 64, 63, 126, 148, 30, 46, 128, 92, 111, 103, 142, 108, 37, 109, 33, 75, 100, 25, 70, 123, 68, 131, 28, 84, 40, 144, 138, 67, 95, 117, 73, 22, 105, 98, 8, 150, 34, 101, 60, 97, 106, 76, 89, 18, 12, 79, 91, 24, 121, 44, 135, 56, 80, 83, 78, 2, 124, 65, 59, 38, 62, 42, 43, 47, 58, 69, 87, 88, 90, 96, 104, 113, 116, 120, 122, 130, 132, 137, 143, 145, 146]
x_42: [2, 4, 6, 8, 9, 14, 19, 22, 27, 29, 30, 36, 38, 41, 99, 55, 10, 115, 56, 103, 80, 57, 75, 131, 87, 18, 60, 31, 135, 119, 143, 118, 3, 43, 111, 139, 50, 63, 79, 133, 76, 68, 90, 69, 74, 13, 113, 11, 53, 20, 81, 116, 78, 64, 35, 7, 144, 59, 122, 45, 137, 58, 17, 5, 83, 148, 67, 102, 44, 46, 47, 51, 52, 77, 85, 86, 92, 93, 97, 98, 100, 101, 105, 107, 108, 136, 138, 146, 147]
x_43: [3, 5, 6, 7, 8, 9, 13, 15, 19, 20, 22, 24, 29, 30, 34, 36, 41, 42, 72, 91, 67, 139, 99, 104, 136, 137, 120, 23, 47, 123, 145, 101, 35, 54, 135, 133, 14, 82, 38, 57, 102, 11, 105, 122, 129, 17, 143, 106, 140, 100, 70, 12, 56, 50, 78, 98, 77, 146, 69, 49, 138, 134, 59, 73, 4, 39, 26, 111, 45, 28, 58, 33, 87, 130, 127, 132, 95, 150, 64, 114, 92, 97, 89, 108, 16, 118, 60, 117, 90, 86, 10, 71, 147, 80, 63, 126, 66, 31, 74, 84, 76, 21, 44, 46, 51, 52, 62, 68, 83, 96, 112, 113, 121, 124, 125, 128, 141, 144]
x_44: [2, 3, 5, 7, 8, 9, 11, 22, 27, 29, 30, 32, 38, 41, 43, 96, 103, 116, 121, 145, 126, 16, 72, 10, 69, 80, 46, 138, 123, 87, 117, 88, 61, 58, 89, 15, 6, 113, 132, 51, 101, 40, 60, 21, 102, 45, 82, 135, 42, 109, 57, 66, 133, 49, 97, 106, 131, 110, 70, 114, 108, 111, 140, 130, 129, 124, 74, 142, 62, 92, 139, 136, 68, 19, 100, 65, 39, 99, 18, 25, 120, 141, 47, 50, 52, 53, 54, 59, 64, 71, 78, 79, 90, 94, 98, 104, 105, 122, 143, 144, 147]
x_45: [2, 6, 7, 8, 9, 10, 12, 14, 15, 16, 17, 19, 21, 22, 30, 31, 34, 36, 38, 42, 43, 44, 136, 121, 54, 92, 113, 29, 87, 82, 98, 100, 75, 59, 46, 48, 51, 52, 53, 60, 64, 69, 80, 85, 86, 88, 93, 96, 97, 103, 104, 108, 109, 111, 112, 114, 117, 120, 122, 124, 131, 132, 133, 137, 138, 139, 140, 146, 150]
x_46: [6, 7, 8, 12, 15, 19, 21, 27, 29, 32, 35, 38, 41, 44, 90, 110, 111, 112, 69, 48, 39, 14, 85, 91, 97, 18, 82, 148, 30, 137, 53, 123, 60, 92, 136, 42, 77, 36, 103, 109, 126, 9, 20, 95, 64, 40, 55, 102, 114, 131, 70, 87, 124, 88, 143, 121, 24, 3, 17, 47, 72, 50, 118, 139, 68, 99, 119, 62, 81, 75, 89, 5, 113, 150, 101, 115, 25, 104, 145, 105, 45, 11, 37, 74, 133, 106, 43, 146, 76, 66, 83, 117, 33, 129, 67, 100, 71, 31, 28, 51, 54, 58, 78, 79, 80, 84, 86, 96, 108, 120, 122, 132, 134, 135, 140, 144]
x_47: [3, 6, 15, 18, 23, 25, 27, 29, 30, 32, 33, 34, 38, 43, 46, 39, 120, 62, 61, 11, 58, 21, 28, 10, 149, 12, 65, 107, 89, 13, 100, 41, 138, 147, 126, 44, 91, 102, 132, 145, 84, 136, 19, 4, 148, 77, 26, 116, 1, 72, 141, 79, 66, 118, 99, 31, 131, 129, 7, 94, 115, 111, 40, 71, 96, 55, 85, 37, 143, 2, 59, 124, 92, 105, 88, 110, 113, 14, 76, 82, 51, 54, 97, 130, 36, 24, 133, 57, 104, 56, 42, 70, 146, 53, 68, 73, 74, 75, 78, 80, 86, 90, 95, 103, 109, 112, 123, 134, 135, 140, 144]
x_48: [2, 3, 6, 9, 13, 14, 21, 22, 27, 29, 30, 38, 46, 8, 57, 66, 124, 138, 5, 88, 45, 52, 67, 59, 19, 110, 95, 49, 28, 101, 87, 147, 85, 106, 104, 71, 91, 20, 112, 58, 121, 89, 73, 136, 56, 62, 68, 69, 74, 78, 79, 83, 86, 90, 92, 96, 97, 100, 111, 113, 114, 116, 117, 122, 123, 128, 129, 135, 139, 140, 144, 146]
x_49: [2, 3, 5, 8, 9, 14, 19, 21, 23, 36, 38, 43, 44, 48, 58, 138, 113, 76, 109, 103, 18, 102, 40, 54, 122, 101, 127, 26, 105, 56, 80, 143, 10, 77, 65, 132, 78, 35, 112, 86, 134, 83, 72, 11, 129, 148, 128, 68, 52, 53, 57, 59, 71, 74, 79, 84, 87, 89, 90, 93, 94, 97, 98, 100, 107, 108, 111, 115, 120, 133, 136, 139, 140, 142, 146]
x_50: [5, 12, 15, 18, 23, 28, 29, 30, 33, 34, 36, 42, 43, 46, 75, 68, 86, 39, 67, 100, 114, 127, 44, 99, 11, 24, 150, 53, 82, 14, 134, 79, 107, 83, 3, 89, 62, 91, 133, 112, 22, 9, 7, 72, 54, 110, 52, 56, 60, 69, 73, 78, 87, 90, 92, 93, 97, 98, 101, 111, 120, 122, 124, 125, 128, 129, 131, 132, 137, 138, 142, 144, 146]
x_51: [6, 8, 11, 19, 21, 22, 25, 29, 30, 36, 37, 44, 47, 43, 12, 10, 128, 100, 139, 98, 74, 112, 13, 59, 86, 108, 148, 125, 53, 149, 131, 23, 87, 104, 46, 61, 133, 102, 56, 66, 1, 73, 9, 67, 65, 115, 79, 26, 77, 14, 123, 45, 141, 54, 33, 103, 142, 3, 146, 129, 88, 42, 52, 97, 136, 57, 5, 2, 60, 62, 68, 70, 71, 78, 80, 82, 84, 90, 101, 105, 106, 110, 111, 114, 117, 124, 130, 135, 137, 138, 140, 143, 147]
x_52: [2, 5, 8, 12, 13, 14, 15, 19, 20, 22, 27, 34, 38, 41, 48, 51, 107, 45, 102, 49, 57, 24, 116, 139, 140, 86, 65, 50, 130, 66, 100, 64, 75, 69, 93, 149, 71, 129, 138, 6, 56, 44, 83, 42, 9, 68, 55, 67, 97, 11, 40, 128, 112, 78, 94, 104, 92, 74, 72, 124, 37, 16, 127, 54, 117, 79, 87, 111, 109, 125, 101, 25, 21, 146, 110, 98, 32, 29, 59, 123, 99, 35, 89, 113, 43, 145, 10, 31, 143, 4, 96, 80, 33, 18, 53, 60, 61, 62, 73, 77, 85, 90, 91, 106, 114, 120, 132, 135, 137, 150]
x_53: [2, 5, 6, 7, 8, 9, 12, 13, 14, 22, 30, 32, 35, 36, 42, 46, 50, 51, 69, 34, 19, 107, 56, 101, 139, 126, 45, 17, 128, 63, 39, 49, 38, 141, 67, 147, 96, 21, 92, 136, 72, 146, 121, 111, 143, 148, 144, 57, 33, 142, 31, 112, 110, 95, 58, 114, 86, 47, 119, 120, 91, 40, 118, 52, 140, 123, 138, 73, 54, 28, 23, 59, 109, 132, 55, 77, 127, 16, 97, 80, 4, 117, 84, 108, 27, 44, 130, 98, 125, 100, 61, 62, 64, 65, 66, 70, 74, 76, 78, 87, 104, 105, 106, 113, 116, 122, 135, 137]
x_54: [1, 3, 6, 8, 17, 19, 20, 22, 24, 25, 27, 29, 30, 32, 34, 36, 37, 39, 43, 45, 47, 49, 50, 51, 52, 53, 144, 12, 81, 10, 35, 113, 46, 116, 38, 65, 130, 98, 132, 99, 124, 94, 136, 105, 57, 44, 61, 87, 77, 123, 148, 55, 73, 146, 23, 117, 139, 21, 140, 82, 92, 103, 119, 101, 150, 96, 2, 115, 104, 79, 85, 86, 11, 14, 5, 84, 69, 135, 70, 64, 4, 106, 89, 128, 108, 59, 133, 112, 68, 122, 90, 143, 141, 40, 33, 60, 66, 71, 74, 76, 80, 83, 97, 100, 111, 114, 138, 142]
x_55: [5, 7, 11, 15, 20, 21, 22, 27, 30, 38, 42, 46, 47, 52, 53, 54, 72, 70, 91, 2, 3, 17, 117, 111, 57, 58, 59, 60, 61, 65, 68, 71, 73, 76, 77, 78, 80, 83, 88, 92, 97, 98, 102, 104, 105, 107, 112, 113, 116, 124, 125, 130, 133, 135, 136, 139, 140, 142, 149]
x_56: [1, 5, 6, 7, 10, 14, 16, 19, 27, 30, 34, 38, 39, 41, 42, 43, 47, 49, 51, 52, 53, 80, 35, 101, 110, 93, 115, 90, 75, 122, 48, 69, 3, 59, 128, 2, 21, 119, 63, 100, 57, 71, 24, 85, 89, 23, 32, 143, 60, 144, 138, 22, 111, 147, 92, 91, 127, 117, 17, 18, 65, 95, 149, 84, 133, 106, 135, 31, 58, 78, 36, 50, 72, 131, 12, 15, 29, 116, 146, 64, 120, 37, 67, 74, 86, 94, 97, 98, 104, 108, 109, 113, 121, 124, 130, 132, 136, 140, 142]
x_57: [1, 2, 5, 6, 7, 9, 13, 14, 15, 16, 22, 27, 34, 37, 38, 39, 42, 43, 44, 47, 48, 51, 52, 53, 54, 56, 129, 75, 97, 23, 145, 112, 131, 60, 110, 125, 17, 93, 137, 134, 49, 89, 61, 62, 135, 106, 143, 107, 40, 141, 24, 140, 69, 59, 86, 36, 25, 66, 92, 11, 118, 10, 81, 80, 77, 100, 79, 99, 124, 76, 31, 150, 3, 28, 109, 19, 32, 63, 121, 55, 88, 74, 120, 147, 119, 8, 78, 116, 58, 64, 68, 71, 82, 85, 94, 95, 96, 101, 103, 105, 111, 113, 115, 122, 128, 130, 132, 133, 138, 139, 149]
x_58: [3, 5, 7, 15, 19, 25, 27, 29, 30, 34, 36, 38, 42, 43, 44, 47, 48, 49, 53, 56, 76, 107, 102, 97, 119, 57, 64, 127, 4, 75, 69, 122, 91, 31, 55, 115, 100, 108, 16, 46, 99, 109, 96, 135, 37, 18, 132, 41, 12, 150, 129, 140, 120, 80, 78, 35, 6, 116, 112, 149, 89, 94, 70, 59, 60, 61, 62, 66, 72, 73, 74, 79, 82, 83, 85, 86, 87, 90, 92, 98, 105, 113, 114, 117, 124, 130, 136, 138, 139, 144, 146]
x_59: [1, 2, 6, 9, 14, 15, 18, 22, 27, 29, 30, 34, 38, 41, 42, 43, 45, 47, 48, 51, 52, 53, 54, 56, 57, 122, 70, 107, 73, 71, 114, 17, 84, 115, 74, 133, 131, 82, 64, 40, 66, 106, 8, 110, 102, 58, 35, 19, 120, 98, 75, 101, 69, 3, 39, 31, 111, 78, 108, 142, 16, 25, 125, 92, 79, 10, 116, 89, 144, 55, 68, 44, 87, 143, 23, 33, 99, 83, 121, 7, 5, 140, 146, 139, 119, 100, 28, 32, 148, 128, 91, 150, 105, 49, 65, 132, 26, 76, 24, 109, 90, 117, 93, 85, 21, 126, 145, 61, 80, 94, 96, 118, 124, 130, 134, 135, 136, 137, 138, 141]
x_60: [1, 2, 7, 9, 11, 20, 21, 22, 24, 25, 27, 29, 31, 32, 34, 40, 41, 42, 43, 44, 46, 56, 57, 129, 114, 99, 94, 134, 135, 122, 45, 37, 79, 39, 54, 35, 63, 118, 36, 125, 130, 141, 100, 101, 109, 140, 112, 121, 72, 123, 33, 51, 97, 10, 71, 113, 16, 89, 58, 74, 146, 126, 85, 17, 19, 8, 23, 65, 111, 87, 91, 52, 105, 30, 116, 86, 3, 15, 38, 55, 18, 117, 132, 84, 76, 80, 14, 12, 81, 28, 66, 147, 127, 128, 50, 61, 62, 64, 68, 69, 73, 75, 78, 88, 92, 93, 95, 96, 98, 106, 110, 124, 138, 142, 149]
x_61: [5, 11, 14, 17, 19, 22, 29, 30, 36, 37, 44, 47, 51, 53, 54, 57, 60, 118, 28, 1, 146, 94, 70, 25, 21, 77, 97, 140, 35, 78, 137, 31, 134, 26, 113, 103, 8, 102, 123, 2, 76, 121, 95, 141, 52, 133, 58, 111, 126, 59, 13, 63, 93, 18, 55, 85, 105, 116, 114, 66, 68, 69, 73, 75, 80, 82, 87, 90, 98, 106, 108, 110, 122, 127, 132, 136, 138, 139, 145, 149]
x_62: [5, 6, 7, 9, 15, 16, 17, 19, 25, 27, 29, 34, 36, 37, 41, 44, 46, 47, 50, 57, 96, 11, 53, 67, 133, 28, 107, 52, 84, 2, 58, 51, 99, 78, 80, 60, 8, 64, 72, 79, 30, 4, 90, 40, 145, 100, 126, 117, 22, 110, 97, 103, 91, 10, 141, 147, 74, 85, 3, 70, 131, 123, 71, 14, 82, 149, 144, 132, 66, 81, 43, 108, 65, 24, 48, 109, 38, 106, 120, 130, 127, 12, 76, 119, 68, 73, 75, 86, 87, 92, 93, 94, 95, 98, 102, 111, 113, 114, 135, 139, 143]
x_63: [2, 6, 8, 9, 12, 13, 17, 18, 20, 21, 22, 25, 29, 30, 34, 41, 42, 43, 53, 56, 57, 60, 61, 137, 110, 106, 7, 68, 16, 75, 67, 84, 130, 36, 140, 15, 81, 78, 134, 37, 135, 127, 70, 73, 74, 77, 79, 82, 83, 85, 86, 87, 90, 93, 95, 97, 98, 100, 102, 103, 105, 113, 118, 122, 124, 128, 132, 133, 150]
x_64: [3, 6, 7, 8, 9, 15, 16, 18, 19, 22, 27, 29, 30, 38, 41, 42, 43, 46, 52, 54, 56, 58, 59, 62, 39, 118, 104, 84, 73, 128, 143, 20, 136, 35, 5, 23, 53, 94, 123, 132, 45, 34, 109, 12, 92, 80, 65, 93, 95, 105, 103, 122, 113, 106, 110, 148, 121, 13, 76, 127, 89, 115, 60, 86, 142, 145, 44, 108, 78, 70, 57, 21, 68, 125, 101, 83, 98, 32, 37, 134, 135, 40, 69, 71, 74, 77, 85, 87, 114, 116, 124, 139, 140, 144, 147]
x_65: [3, 5, 6, 7, 8, 12, 13, 14, 15, 16, 17, 19, 22, 27, 28, 29, 30, 41, 44, 47, 49, 51, 52, 54, 56, 59, 60, 62, 64, 103, 86, 67, 125, 75, 10, 112, 21, 55, 148, 82, 104, 77, 111, 90, 114, 84, 72, 31, 96, 9, 74, 53, 118, 76, 140, 68, 71, 73, 79, 83, 92, 93, 97, 99, 110, 113, 117, 120, 128, 129, 132, 137, 141, 146]
x_66: [1, 3, 5, 7, 11, 14, 15, 18, 19, 20, 24, 30, 39, 43, 44, 46, 47, 48, 51, 52, 57, 59, 60, 62, 127, 27, 97, 114, 81, 2, 120, 61, 35, 53, 125, 73, 89, 54, 16, 117, 71, 119, 121, 94, 110, 109, 58, 84, 99, 140, 128, 68, 70, 76, 78, 79, 87, 90, 93, 103, 104, 108, 111, 113, 116, 122, 124, 129, 135, 136, 137, 139]
x_67: [3, 6, 7, 8, 9, 11, 12, 13, 14, 19, 22, 24, 38, 41, 42, 43, 46, 48, 50, 51, 52, 53, 62, 63, 65, 37, 18, 69, 128, 125, 120, 82, 140, 21, 127, 72, 30, 147, 34, 107, 98, 25, 109, 143, 56, 1, 144, 29, 26, 85, 32, 150, 96, 102, 20, 106, 116, 77, 112, 113, 35, 118, 123, 100, 28, 86, 68, 10, 2, 84, 87, 108, 5, 111, 141, 145, 103, 15, 130, 81, 33, 74, 36, 146, 71, 73, 76, 79, 80, 89, 90, 99, 119, 122, 135, 136, 138, 139]
x_68: [8, 9, 15, 16, 22, 27, 30, 32, 38, 39, 41, 42, 44, 46, 49, 50, 52, 54, 59, 63, 64, 67, 36, 142, 37, 61, 51, 55, 126, 144, 118, 94, 121, 110, 136, 1, 108, 62, 98, 69, 7, 135, 83, 28, 132, 66, 34, 134, 120, 146, 141, 95, 65, 24, 90, 104, 114, 130, 113, 128, 97, 138, 13, 125, 60, 6, 20, 122, 43, 72, 48, 12, 75, 140, 117, 73, 3, 78, 47, 79, 19, 101, 102, 92, 139, 33, 99, 87, 88, 2, 10, 57, 29, 112, 14, 115, 129, 74, 149, 116, 80, 82, 85, 86, 93, 100, 105, 106, 107, 133, 137, 143]
x_69: [1, 2, 3, 5, 6, 7, 9, 12, 14, 15, 16, 18, 20, 21, 22, 24, 27, 29, 36, 37, 38, 42, 43, 44, 46, 52, 53, 54, 56, 57, 58, 59, 67, 68, 132, 82, 79, 39, 108, 30, 95, 129, 48, 84, 41, 11, 8, 64, 75, 124, 128, 87, 23, 45, 90, 93, 50, 119, 97, 115, 89, 60, 25, 61, 80, 134, 32, 143, 73, 105, 70, 74, 85, 92, 98, 104, 107, 111, 118, 125, 126, 127, 139, 145, 146, 149, 150]
x_70: [3, 8, 9, 13, 14, 15, 16, 17, 21, 29, 34, 41, 43, 44, 46, 47, 54, 55, 58, 59, 61, 62, 64, 119, 35, 51, 112, 19, 98, 40, 147, 63, 78, 66, 131, 123, 99, 31, 28, 93, 117, 124, 102, 86, 39, 69, 84, 12, 104, 83, 53, 96, 121, 145, 118, 128, 72, 73, 82, 88, 74, 97, 105, 109, 132, 135, 137, 139, 140]
x_71: [5, 7, 8, 10, 11, 14, 15, 16, 17, 21, 22, 27, 29, 30, 36, 37, 43, 46, 47, 48, 52, 56, 59, 60, 62, 66, 51, 32, 107, 55, 108, 35, 132, 137, 23, 100, 99, 101, 89, 133, 102, 38, 24, 134, 125, 122, 97, 82, 65, 143, 3, 136, 135, 67, 98, 44, 26, 105, 123, 104, 145, 57, 87, 88, 92, 103, 12, 64, 49, 146, 28, 54, 86, 138, 93, 90, 112, 81, 83, 110, 115, 117, 128, 140, 142]
x_72: [3, 6, 8, 12, 13, 15, 19, 22, 30, 34, 36, 43, 44, 46, 47, 49, 50, 52, 53, 55, 56, 60, 62, 65, 67, 68, 70, 58, 120, 33, 92, 95, 24, 119, 132, 108, 97, 118, 39, 4, 136, 93, 73, 75, 77, 78, 83, 84, 86, 94, 96, 99, 101, 102, 109, 110, 113, 122, 123, 125, 128, 130, 131, 135, 137, 138, 139, 150]
x_73: [2, 5, 8, 11, 14, 22, 30, 32, 38, 41, 43, 48, 51, 53, 54, 59, 64, 66, 68, 69, 70, 61, 90, 120, 85, 113, 134, 3, 62, 26, 58, 94, 145, 114, 92, 95, 10, 47, 100, 137, 91, 89, 142, 147, 105, 78, 131, 67, 118, 27, 143, 80, 55, 110, 150, 52, 63, 72, 24, 107, 101, 130, 74, 75, 125, 106, 124, 132, 146, 140, 9, 21, 83, 50, 34, 121, 17, 13, 37, 127, 33, 112, 123, 76, 65, 31, 144, 60, 139, 39, 6, 98, 86, 99, 19, 116, 79, 84, 87, 97, 117, 129, 133, 135]
x_74: [11, 14, 15, 18, 19, 21, 22, 27, 34, 37, 38, 42, 43, 44, 46, 51, 52, 57, 59, 60, 62, 65, 67, 68, 73, 124, 17, 98, 2, 78, 146, 148, 97, 4, 101, 20, 24, 63, 108, 135, 115, 142, 80, 130, 9, 127, 125, 95, 39, 141, 30, 53, 69, 139, 128, 116, 81, 103, 114, 70, 118, 102, 6, 56, 58, 64, 89, 111, 143, 25, 8, 85, 136, 131, 16, 77, 86, 90, 109, 96, 1, 149, 47, 5, 94, 105, 49, 107, 147, 12, 150, 54, 26, 75, 93, 48, 76, 79, 82, 88, 92, 106, 112, 113, 133, 137, 144, 145]
x_75: [2, 3, 5, 6, 8, 13, 16, 19, 27, 29, 30, 34, 39, 41, 42, 45, 46, 50, 52, 56, 57, 58, 59, 63, 65, 68, 69, 73, 74, 132, 38, 128, 23, 115, 47, 90, 114, 147, 12, 62, 111, 72, 61, 93, 126, 106, 118, 136, 81, 60, 139, 40, 109, 32, 140, 107, 110, 98, 25, 78, 79, 80, 82, 84, 87, 88, 92, 94, 95, 105, 113, 124, 130, 134, 135, 138, 143]
x_76: [2, 3, 5, 6, 8, 15, 17, 22, 25, 27, 30, 35, 38, 40, 41, 42, 43, 46, 47, 49, 57, 58, 59, 60, 61, 62, 64, 65, 73, 16, 101, 54, 140, 55, 111, 135, 131, 132, 121, 96, 97, 95, 81, 108, 139, 20, 66, 127, 9, 89, 103, 119, 107, 53, 14, 74, 39, 37, 87, 149, 116, 109, 78, 67, 79, 80, 85, 90, 91, 92, 93, 98, 99, 104, 117, 120, 124, 128, 129, 133, 134, 144, 146, 147]
x_77: [5, 6, 7, 9, 13, 14, 15, 19, 23, 25, 37, 43, 46, 47, 49, 51, 53, 54, 57, 61, 65, 67, 74, 117, 101, 85, 10, 149, 35, 64, 91, 129, 115, 103, 4, 107, 81, 82, 18, 99, 131, 142, 24, 120, 55, 29, 36, 98, 133, 63, 124, 140, 21, 42, 2, 145, 118, 128, 52, 16, 88, 123, 72, 141, 78, 80, 83, 84, 86, 87, 90, 95, 97, 108, 110, 113, 122, 132, 135, 136, 137, 138, 139, 150]
x_78: [2, 6, 8, 11, 13, 14, 16, 21, 22, 24, 25, 27, 29, 30, 34, 36, 38, 41, 42, 43, 49, 52, 56, 57, 58, 59, 61, 62, 63, 64, 68, 70, 73, 74, 76, 130, 136, 107, 40, 50, 3, 79, 108, 19, 48, 7, 97, 75, 131, 44, 77, 60, 115, 55, 53, 84, 92, 99, 12, 102, 23, 127, 91, 80, 47, 124, 119, 89, 132, 139, 140, 35, 17, 66, 137, 86, 114, 5, 126, 125, 109, 100, 144, 103, 88, 93, 15, 133, 81, 121, 9, 4, 123, 118, 120, 110, 104, 46, 28, 72, 87, 10, 51, 82, 83, 85, 95, 98, 101, 105, 113, 116, 149]
x_79: [2, 5, 6, 8, 9, 13, 14, 15, 16, 24, 26, 30, 32, 37, 38, 41, 42, 47, 50, 51, 52, 54, 57, 59, 60, 62, 68, 69, 73, 78, 129, 136, 58, 1, 81, 117, 29, 17, 110, 91, 65, 11, 36, 130, 96, 88, 103, 46, 120, 84, 123, 140, 102, 80, 118, 112, 126, 143, 137, 147, 138, 34, 12, 106, 119, 66, 146, 90, 142, 86, 133, 94, 128, 63, 67, 75, 132, 76, 124, 141, 149, 134, 87, 74, 44, 111, 48, 20, 100, 93, 49, 101, 95, 35, 98, 85, 97, 113, 122, 144, 150]
x_80: [3, 5, 7, 8, 9, 19, 24, 27, 29, 30, 32, 38, 39, 41, 42, 43, 44, 49, 52, 53, 56, 57, 58, 60, 62, 64, 69, 73, 74, 78, 79, 25, 82, 126, 1, 120, 61, 104, 144, 21, 111, 97, 89, 132, 76, 102, 128, 95, 13, 16, 105, 110, 85, 37, 106, 81, 2, 94, 96, 93, 99, 34, 10, 68, 86, 11, 33, 36, 54, 114, 51, 47, 118, 147, 46, 107, 75, 55, 15, 135, 139, 109, 121, 113, 149, 145, 88, 28, 77, 59, 12, 101, 125, 40, 92, 6, 124, 45, 130, 18, 23, 67, 134, 140, 129, 137, 90, 100, 112, 117, 133, 136, 138, 143, 146]
x_81: [6, 7, 12, 13, 14, 15, 17, 19, 22, 27, 29, 30, 32, 34, 42, 46, 54, 57, 60, 62, 63, 66, 67, 74, 75, 76, 77, 78, 79, 80, 18, 139, 93, 123, 135, 137, 20, 118, 117, 146, 5, 71, 92, 115, 21, 85, 86, 100, 101, 106, 108, 122, 124, 132, 133, 138, 143, 150]
x_82: [1, 6, 7, 9, 11, 13, 19, 22, 27, 30, 34, 35, 36, 37, 43, 44, 45, 46, 47, 50, 54, 59, 62, 65, 67, 69, 70, 71, 77, 80, 17, 147, 2, 148, 102, 146, 58, 40, 125, 32, 90, 135, 126, 139, 129, 25, 23, 83, 138, 113, 149, 74, 130, 137, 119, 39, 78, 150, 20, 68, 75, 112, 57, 63, 100, 103, 33, 61, 87, 21, 98, 105, 131, 120, 10, 51, 101, 145, 89, 92, 93, 94, 104, 106, 109, 110, 111, 115, 116, 122, 124, 132, 133, 136, 140, 144]
x_83: [3, 5, 8, 9, 16, 30, 34, 37, 38, 39, 41, 42, 46, 49, 50, 52, 59, 64, 68, 70, 73, 82, 33, 35, 97, 15, 14, 113, 1, 89, 132, 115, 84, 48, 54, 55, 100, 85, 114, 72, 71, 77, 23, 141, 19, 136, 123, 147, 140, 63, 25, 128, 31, 116, 130, 43, 29, 134, 149, 58, 122, 65, 148, 78, 6, 86, 99, 111, 40, 129, 145, 18, 87, 95, 98, 103, 104, 108, 112, 117, 124, 125, 133, 139, 146]
x_84: [5, 6, 7, 13, 15, 22, 24, 27, 28, 29, 30, 36, 38, 41, 43, 47, 53, 54, 56, 59, 60, 62, 63, 64, 65, 66, 67, 69, 70, 73, 78, 79, 83, 105, 139, 148, 143, 18, 32, 99, 31, 97, 9, 140, 89, 20, 101, 121, 123, 103, 11, 102, 116, 4, 138, 34, 19, 128, 104, 119, 51, 112, 72, 12, 125, 108, 46, 49, 130, 21, 141, 106, 120, 77, 150, 75, 135, 85, 90, 92, 96, 111, 113, 115, 118, 129, 136, 137, 144, 147, 149]
x_85: [2, 9, 11, 12, 13, 15, 16, 18, 24, 27, 32, 34, 36, 46, 47, 48, 54, 56, 59, 60, 61, 62, 67, 73, 74, 77, 80, 83, 76, 125, 23, 42, 99, 127, 68, 115, 6, 108, 89, 52, 88, 63, 25, 40, 79, 81, 147, 122, 148, 140, 98, 135, 37, 141, 107, 142, 58, 143, 3, 144, 105, 100, 112, 29, 146, 45, 91, 121, 128, 69, 19, 131, 84, 57, 119, 92, 64, 78, 87, 90, 95, 96, 97, 104, 110, 113, 114, 117, 120, 123, 133, 136, 149]
x_86: [2, 5, 6, 9, 14, 16, 18, 22, 24, 27, 29, 34, 36, 41, 43, 49, 50, 51, 52, 53, 54, 57, 60, 64, 65, 67, 70, 71, 73, 74, 78, 79, 80, 83, 115, 127, 45, 144, 97, 128, 81, 72, 92, 136, 95, 110, 63, 94, 25, 91, 17, 137, 12, 146, 133, 4, 99, 1, 147, 46, 119, 28, 56, 96, 132, 103, 48, 113, 123, 47, 39, 31, 35, 20, 102, 42, 58, 13, 114, 77, 87, 3, 109, 129, 68, 120, 62, 140, 93, 134, 116, 26, 106, 33, 125, 89, 98, 100, 105, 112, 118, 122, 135, 138, 139, 150]
x_87: [5, 6, 7, 8, 13, 14, 15, 19, 21, 22, 23, 24, 27, 30, 31, 42, 43, 44, 45, 46, 48, 51, 52, 54, 59, 60, 67, 68, 69, 71, 76, 78, 79, 82, 86, 62, 96, 141, 111, 138, 63, 89, 61, 140, 11, 85, 143, 33, 106, 73, 137, 64, 123, 53, 103, 26, 113, 104, 127, 142, 115, 28, 50, 66, 2, 18, 99, 49, 130, 145, 144, 38, 116, 98, 131, 102, 16, 75, 91, 118, 121, 10, 83, 77, 110, 41, 150, 93, 109, 58, 133, 120, 126, 147, 92, 97, 139, 29, 4, 101, 90, 94, 100, 122, 129, 132, 136]
x_88: [3, 5, 10, 13, 15, 17, 19, 21, 22, 23, 25, 27, 29, 30, 32, 34, 35, 36, 38, 44, 46, 47, 48, 51, 57, 68, 70, 71, 77, 78, 79, 80, 85, 55, 89, 45, 75, 145, 60, 4, 108, 74, 41, 149, 90, 93, 94, 97, 100, 104, 117, 122, 124, 132, 138, 139, 146, 147]
x_89: [2, 3, 5, 13, 15, 17, 27, 34, 41, 43, 44, 46, 47, 48, 50, 52, 54, 56, 57, 58, 59, 60, 64, 66, 69, 71, 73, 74, 76, 78, 80, 83, 84, 85, 87, 88, 141, 49, 32, 86, 127, 11, 130, 109, 29, 150, 146, 1, 129, 98, 139, 99, 104, 82, 35, 67, 96, 101, 106, 111, 113, 115, 116, 122, 124, 132, 135, 137, 140, 149]
x_90: [7, 8, 12, 19, 28, 30, 34, 35, 36, 42, 43, 46, 54, 56, 59, 62, 65, 68, 69, 71, 73, 74, 75, 79, 82, 41, 119, 50, 99, 121, 24, 114, 32, 143, 48, 66, 80, 106, 76, 77, 52, 92, 139, 27, 111, 137, 61, 145, 18, 87, 14, 115, 15, 63, 10, 91, 44, 47, 49, 130, 133, 3, 105, 127, 16, 134, 84, 110, 9, 132, 118, 88, 113, 128, 122, 112, 135, 85, 67, 146, 13, 40, 51, 100, 140, 120, 58, 117, 150, 1, 102, 103, 2, 37, 93, 96, 97, 136, 138, 142, 147, 149]
x_91: [2, 7, 8, 12, 13, 14, 16, 21, 22, 29, 30, 37, 38, 41, 43, 46, 47, 48, 50, 53, 55, 56, 58, 59, 60, 62, 73, 77, 78, 79, 85, 86, 87, 90, 20, 52, 11, 110, 112, 76, 93, 94, 95, 96, 98, 99, 100, 104, 106, 108, 115, 116, 117, 122, 124, 132, 135, 136, 138, 140, 143, 145, 147]
x_92: [2, 6, 8, 9, 17, 19, 24, 28, 29, 30, 36, 41, 43, 44, 45, 46, 47, 52, 53, 54, 56, 57, 59, 64, 68, 71, 72, 73, 78, 80, 81, 85, 86, 87, 90, 42, 132, 146, 35, 4, 1, 112, 113, 25, 141, 74, 133, 119, 48, 147, 101, 50, 75, 82, 31, 144, 124, 14, 143, 99, 15, 69, 149, 84, 33, 118, 13, 137, 32, 21, 110, 111, 131, 22, 109, 148, 127, 128, 130, 107, 76, 120, 62, 138, 34, 16, 114, 115, 140, 38, 136, 105, 55, 108, 65, 40, 60, 3, 58, 5, 94, 103, 145, 129, 93, 97, 100, 117, 122, 135, 142]
x_93: [6, 8, 9, 13, 16, 19, 21, 22, 25, 29, 30, 34, 36, 38, 52, 56, 57, 59, 61, 64, 69, 70, 71, 72, 74, 75, 78, 79, 80, 81, 86, 87, 7, 76, 135, 15, 24, 95, 92, 130, 116, 142, 90, 63, 126, 68, 18, 105, 98, 121, 42, 106, 118, 112, 117, 132, 102, 49, 35, 10, 37, 91, 65, 62, 82, 5, 66, 88, 4, 109, 40, 60, 96, 99, 2, 140, 45, 31, 50, 94, 97, 103, 113, 120, 124, 128, 131, 134, 138, 139, 146, 148, 150]
x_94: [2, 5, 13, 14, 16, 22, 23, 25, 29, 30, 31, 32, 36, 37, 38, 47, 52, 54, 58, 60, 61, 64, 66, 68, 73, 74, 79, 80, 86, 92, 11, 106, 88, 4, 120, 56, 9, 26, 10, 49, 91, 17, 97, 147, 82, 101, 75, 44, 72, 150, 93, 59, 57, 135, 15, 24, 112, 87, 139, 62, 133, 95, 96, 102, 105, 111, 117, 118, 122, 124, 130, 138, 142]
x_95: [2, 5, 7, 9, 12, 13, 14, 15, 17, 18, 22, 27, 29, 30, 36, 37, 41, 43, 46, 48, 53, 56, 61, 64, 68, 69, 72, 73, 74, 76, 79, 80, 86, 93, 133, 140, 83, 39, 138, 26, 57, 78, 112, 109, 129, 94, 114, 115, 117, 144, 106, 1, 148, 32, 77, 47, 19, 62, 75, 34, 126, 85, 141, 60, 91, 10, 31, 128, 131, 24, 104, 16, 147, 3, 118, 63, 142, 149, 96, 8, 116, 98, 135, 28, 123, 97, 101, 110, 113, 120, 130, 132, 137, 139, 143, 146]
x_96: [2, 7, 8, 14, 16, 19, 22, 27, 29, 30, 34, 36, 38, 44, 47, 52, 53, 54, 58, 62, 65, 67, 70, 74, 76, 79, 80, 86, 87, 93, 95, 143, 85, 60, 59, 113, 90, 145, 3, 146, 17, 147, 141, 48, 4, 140, 144, 126, 142, 43, 148, 130, 94, 110, 128, 121, 89, 105, 26, 20, 84, 10, 91, 57, 107, 97, 111, 72, 149, 46, 100, 120, 41, 45, 108, 98, 99, 101, 103, 112, 114, 115, 116, 117, 122, 132, 133, 134, 135, 136, 138, 139]
x_97: [5, 6, 7, 8, 11, 17, 18, 19, 20, 24, 25, 29, 35, 41, 43, 44, 46, 47, 51, 52, 53, 57, 58, 60, 61, 62, 66, 68, 69, 71, 72, 74, 76, 78, 80, 83, 84, 86, 87, 94, 96, 49, 129, 21, 23, 116, 16, 103, 70, 108, 32, 55, 54, 56, 45, 106, 126, 113, 85, 50, 98, 93, 133, 118, 136, 143, 2, 92, 63, 109, 95, 119, 142, 10, 88, 111, 65, 15, 145, 38, 22, 79, 114, 123, 42, 147, 1, 137, 150, 100, 131, 146, 73, 132, 36, 138, 77, 139, 125, 90, 102, 48, 9, 127, 101, 40, 149, 105, 112, 115, 122, 124, 128, 144]
x_98: [1, 5, 7, 8, 11, 13, 14, 15, 16, 17, 19, 25, 28, 32, 37, 39, 40, 41, 43, 45, 51, 52, 53, 54, 59, 64, 67, 68, 70, 71, 73, 74, 75, 77, 79, 82, 85, 87, 89, 93, 95, 97, 50, 134, 101, 91, 107, 105, 60, 96, 3, 129, 69, 38, 120, 10, 30, 23, 18, 128, 35, 125, 119, 100, 58, 44, 117, 12, 49, 42, 55, 33, 104, 86, 83, 137, 24, 4, 27, 135, 106, 29, 133, 112, 118, 56, 142, 76, 108, 150, 103, 34, 115, 146, 9, 136, 141, 131, 61, 63, 22, 78, 21, 20, 116, 62, 109, 122, 123, 124, 132, 138, 144]
x_99: [2, 3, 7, 8, 11, 13, 14, 15, 17, 19, 20, 21, 24, 28, 30, 34, 35, 36, 42, 43, 44, 46, 47, 50, 52, 54, 57, 58, 59, 60, 62, 66, 68, 70, 71, 73, 77, 78, 80, 83, 84, 85, 86, 87, 89, 90, 92, 93, 16, 139, 12, 72, 143, 150, 123, 107, 29, 91, 129, 67, 149, 76, 125, 131, 130, 110, 108, 96, 148, 23, 38, 146, 113, 142, 65, 101, 102, 103, 114, 116, 117, 120, 124, 128, 132, 133, 135, 136, 137, 138, 144]
x_100: [1, 5, 6, 8, 11, 12, 13, 14, 15, 19, 33, 34, 41, 43, 44, 45, 46, 47, 50, 51, 52, 53, 56, 57, 58, 59, 60, 62, 67, 71, 73, 78, 79, 82, 83, 85, 90, 96, 97, 98, 87, 80, 29, 26, 113, 32, 122, 31, 81, 134, 137, 115, 130, 23, 128, 88, 145, 142, 63, 127, 125, 16, 4, 110, 91, 38, 49, 9, 92, 112, 68, 54, 42, 104, 135, 48, 119, 37, 139, 147, 7, 140, 18, 86, 133, 40, 124, 120, 107, 3, 102, 103, 106, 108, 111, 123, 132, 136, 138]
x_101: [2, 6, 7, 9, 13, 15, 16, 18, 19, 21, 22, 27, 34, 36, 37, 41, 43, 44, 46, 48, 49, 52, 53, 54, 56, 59, 60, 64, 68, 71, 73, 74, 76, 77, 79, 80, 82, 84, 87, 92, 94, 97, 98, 95, 116, 12, 57, 144, 50, 147, 51, 96, 137, 35, 146, 26, 81, 42, 140, 119, 128, 139, 123, 4, 117, 89, 106, 32, 28, 99, 130, 114, 1, 72, 78, 122, 104, 107, 111, 112, 113, 118, 124, 125, 129, 131, 132, 145, 149]
x_102: [4, 5, 7, 8, 9, 13, 18, 19, 20, 21, 22, 24, 25, 29, 30, 33, 34, 38, 42, 43, 44, 46, 47, 49, 51, 52, 58, 59, 61, 67, 68, 70, 71, 74, 78, 79, 80, 82, 84, 86, 87, 90, 93, 97, 1, 128, 106, 10, 63, 100, 138, 135, 150, 2, 6, 62, 136, 99, 72, 94, 55, 110, 116, 129, 139, 127, 126, 39, 108, 111, 113, 114, 117, 124, 125, 134, 140, 142, 146, 149]
x_103: [5, 6, 7, 8, 9, 11, 14, 16, 18, 21, 32, 34, 36, 38, 41, 42, 44, 46, 49, 51, 54, 61, 62, 64, 65, 67, 71, 74, 76, 77, 78, 79, 82, 84, 86, 87, 90, 92, 97, 98, 47, 28, 137, 119, 19, 120, 125, 96, 66, 124, 45, 134, 63, 27, 100, 20, 26, 57, 93, 116, 83, 140, 17, 115, 150, 112, 23, 135, 29, 121, 122, 99, 25, 3, 127, 111, 22, 130, 106, 110, 114, 117, 131, 133, 144, 145]
x_104: [2, 8, 9, 13, 14, 16, 17, 19, 22, 29, 43, 46, 47, 48, 51, 52, 54, 64, 65, 68, 70, 71, 78, 80, 84, 87, 89, 95, 98, 100, 11, 7, 130, 1, 116, 136, 45, 105, 20, 53, 110, 82, 126, 101, 146, 143, 27, 44, 140, 40, 66, 56, 127, 36, 88, 141, 41, 5, 10, 25, 69, 106, 91, 76, 83, 135, 55, 139, 28, 31, 12, 134, 150, 117, 30, 144, 107, 108, 85, 4, 38, 109, 111, 112, 113, 114, 138]
x_105: [5, 8, 13, 14, 15, 17, 25, 27, 29, 34, 35, 37, 41, 43, 46, 47, 49, 54, 59, 60, 61, 64, 69, 71, 73, 74, 80, 82, 84, 85, 90, 92, 93, 96, 98, 104, 55, 63, 124, 70, 150, 133, 130, 146, 129, 58, 42, 145, 117, 36, 97, 44, 6, 9, 144, 128, 119, 7, 127, 68, 123, 31, 23, 112, 51, 135, 40, 18, 75, 53, 26, 57, 78, 11, 86, 94, 20, 118, 120, 134, 131, 33, 111, 108, 114, 115, 122, 132, 137, 138, 139, 143]
x_106: [2, 5, 7, 8, 12, 13, 14, 15, 21, 22, 36, 38, 41, 43, 44, 46, 48, 54, 56, 57, 59, 62, 63, 64, 67, 73, 75, 79, 80, 84, 86, 87, 90, 93, 94, 95, 97, 98, 101, 102, 104, 28, 135, 3, 51, 18, 81, 53, 82, 68, 89, 117, 52, 29, 119, 40, 100, 61, 127, 120, 103, 91, 124, 114, 149, 122, 125, 74, 16, 129, 60, 109, 110, 113, 115, 132, 136, 138, 141, 143, 144, 146]
x_107: [2, 5, 7, 13, 14, 15, 17, 18, 19, 22, 30, 36, 38, 47, 50, 52, 53, 57, 58, 59, 62, 67, 71, 73, 74, 75, 76, 77, 78, 80, 85, 92, 96, 98, 99, 100, 104, 42, 116, 55, 69, 139, 101, 49, 145, 123, 4, 68, 142, 20, 12, 146, 10, 111, 113, 115, 117, 120, 122, 124, 132, 136, 137, 138, 140, 147]
x_108: [3, 8, 14, 15, 16, 21, 22, 23, 25, 34, 41, 43, 44, 51, 53, 54, 58, 59, 62, 64, 67, 68, 69, 71, 72, 74, 76, 78, 84, 85, 88, 92, 96, 97, 98, 99, 104, 122, 56, 102, 83, 77, 125, 132, 66, 42, 128, 143, 61, 105, 115, 20, 100, 1, 49, 91, 28, 10, 121, 46, 81, 11, 130, 135, 17, 147, 12, 38, 4, 142, 45, 112, 129, 133, 139, 149]
x_109: [1, 2, 8, 12, 13, 14, 15, 17, 19, 21, 22, 27, 32, 34, 38, 41, 44, 46, 49, 52, 53, 57, 58, 59, 60, 62, 64, 66, 67, 74, 75, 76, 78, 80, 86, 87, 89, 92, 93, 95, 97, 98, 45, 104, 149, 130, 7, 56, 124, 119, 70, 133, 5, 106, 150, 144, 47, 82, 26, 148, 145, 29, 4, 72, 110, 112, 113, 114, 115, 116, 129, 132, 136, 138, 139, 140, 142]
x_110: [2, 5, 7, 8, 12, 14, 19, 22, 23, 27, 29, 32, 34, 37, 38, 44, 46, 47, 48, 50, 52, 53, 56, 57, 59, 62, 63, 64, 66, 68, 73, 75, 78, 79, 80, 86, 87, 90, 91, 92, 96, 99, 100, 102, 104, 61, 139, 51, 128, 82, 103, 124, 20, 120, 65, 122, 16, 6, 123, 3, 141, 33, 13, 25, 60, 77, 95, 71, 72, 40, 138, 15, 106, 113, 4, 85, 112, 125, 109, 111, 116, 117, 129, 134, 142, 143, 144, 145]
x_111: [1, 3, 5, 7, 9, 11, 14, 17, 18, 23, 29, 30, 36, 37, 38, 41, 42, 43, 44, 46, 47, 52, 53, 55, 56, 59, 60, 61, 65, 67, 74, 75, 76, 79, 80, 83, 87, 90, 92, 96, 97, 103, 105, 62, 82, 102, 139, 150, 136, 94, 125, 54, 107, 27, 21, 4, 6, 22, 117, 146, 19, 48, 135, 143, 45, 20, 119, 28, 124, 104, 100, 84, 49, 137, 26, 113, 149, 39, 66, 51, 126, 89, 123, 130, 57, 50, 40, 127, 128, 69, 101, 32, 110, 134, 112, 116, 122, 129, 132, 133, 138, 142, 144]
x_112: [6, 8, 16, 17, 20, 24, 27, 29, 35, 36, 37, 38, 46, 48, 49, 50, 51, 52, 53, 54, 57, 58, 60, 65, 67, 68, 70, 71, 73, 79, 82, 84, 85, 90, 91, 92, 93, 94, 95, 98, 100, 103, 105, 110, 97, 9, 11, 96, 104, 83, 116, 101, 45, 33, 111, 149, 129, 32, 86, 14, 55, 143, 150, 74, 128, 144, 109, 43, 47, 121, 115, 139, 5, 113, 80, 108, 21, 10, 2, 137, 117, 125, 130, 134, 140, 142, 145]
x_113: [1, 2, 7, 8, 9, 15, 16, 17, 18, 29, 30, 32, 36, 37, 38, 42, 44, 45, 46, 47, 49, 52, 54, 60, 61, 64, 67, 68, 73, 80, 82, 83, 86, 87, 90, 92, 96, 97, 99, 100, 110, 111, 112, 58, 62, 128, 85, 53, 77, 72, 25, 35, 95, 116, 109, 131, 78, 22, 119, 57, 41, 145, 149, 135, 75, 147, 121, 74, 26, 142, 65, 43, 102, 106, 144, 139, 63, 56, 39, 20, 79, 3, 34, 104, 14, 120, 150, 107, 118, 132, 137, 40, 133, 140, 141, 89, 124, 48, 84, 55, 127, 33, 12, 23, 10, 13, 31, 66, 93, 101, 115, 122, 129, 134, 146]
x_114: [7, 8, 9, 10, 14, 19, 21, 22, 24, 27, 30, 31, 32, 33, 34, 36, 43, 44, 46, 50, 53, 59, 60, 61, 65, 66, 68, 73, 74, 75, 78, 80, 83, 86, 90, 92, 95, 97, 101, 106, 4, 119, 102, 127, 3, 20, 15, 104, 105, 96, 103, 48, 51, 23, 109, 118, 2, 52, 140, 122, 54, 58, 85, 62, 99, 5, 120, 28, 45, 64, 40, 128, 129, 132, 133, 135, 136, 139, 149]
x_115: [1, 4, 6, 7, 8, 12, 13, 15, 16, 19, 22, 33, 34, 36, 38, 39, 42, 46, 47, 51, 54, 56, 58, 59, 64, 68, 69, 74, 75, 77, 78, 81, 83, 85, 86, 87, 90, 92, 95, 98, 100, 103, 108, 112, 49, 107, 145, 148, 17, 57, 25, 71, 89, 84, 109, 106, 91, 20, 117, 3, 131, 82, 147, 96, 142, 141, 105, 23, 97, 123, 113, 2, 122, 125, 128, 132, 133, 138, 139, 143]
x_116: [1, 3, 5, 6, 8, 11, 13, 14, 15, 24, 27, 29, 30, 32, 42, 44, 47, 52, 54, 56, 57, 58, 59, 60, 61, 67, 68, 73, 74, 76, 83, 84, 86, 87, 93, 95, 97, 98, 101, 102, 103, 104, 107, 112, 113, 142, 149, 33, 99, 122, 145, 38, 66, 64, 146, 138, 78, 119, 130, 89, 2, 39, 128, 9, 28, 53, 109, 96, 111, 17, 132, 55, 48, 26, 150, 91, 37, 41, 141, 19, 21, 126, 10, 20, 110, 22, 82, 123, 117, 137, 139, 144]
x_117: [3, 6, 7, 13, 14, 21, 22, 28, 29, 34, 36, 38, 41, 43, 44, 46, 52, 53, 54, 55, 56, 59, 60, 62, 66, 68, 70, 77, 79, 81, 90, 93, 95, 98, 101, 104, 105, 106, 111, 115, 51, 73, 116, 8, 27, 65, 137, 119, 58, 107, 19, 88, 120, 144, 71, 23, 148, 103, 102, 26, 94, 91, 123, 125, 37, 30, 4, 147, 48, 80, 141, 25, 146, 134, 83, 149, 143, 92, 40, 135, 118, 130, 142, 85, 33, 140, 10, 9, 11, 129, 76, 39, 17, 16, 99, 110, 2, 121, 5, 136, 112, 45, 145, 96, 131, 133, 138, 139, 150]
x_118: [2, 5, 9, 14, 17, 18, 19, 21, 22, 24, 29, 32, 34, 40, 42, 43, 46, 47, 53, 57, 60, 61, 64, 65, 67, 68, 70, 72, 73, 74, 75, 77, 78, 79, 80, 81, 87, 90, 92, 93, 95, 97, 98, 105, 113, 114, 117, 84, 25, 133, 94, 59, 86, 63, 69, 131, 101, 149, 122, 132, 135, 138, 140, 146]
x_119: [7, 8, 11, 13, 14, 17, 18, 19, 25, 34, 36, 38, 42, 46, 53, 54, 56, 57, 58, 59, 62, 66, 69, 70, 72, 76, 78, 79, 82, 84, 85, 86, 90, 92, 97, 98, 100, 101, 103, 105, 106, 109, 111, 113, 114, 116, 117, 4, 67, 128, 30, 125, 16, 120, 122, 124, 137, 138, 145, 146]
x_120: [8, 9, 19, 32, 34, 43, 44, 47, 53, 56, 57, 58, 59, 62, 66, 67, 68, 72, 73, 77, 78, 79, 80, 82, 84, 86, 87, 90, 92, 94, 96, 98, 100, 103, 105, 106, 110, 113, 114, 117, 125, 95, 138, 52, 146, 18, 144, 121, 85, 99, 93, 65, 140, 33, 41, 1, 36, 130, 13, 119, 25, 5, 38, 23, 35, 22, 131, 76, 39, 148, 26, 149, 4, 50, 135, 30, 49, 7, 143, 27, 6, 107, 141, 45, 139, 46, 12, 145, 31, 122, 124, 132, 136, 137]
x_121: [1, 2, 6, 12, 15, 17, 18, 21, 24, 27, 29, 30, 36, 37, 38, 39, 41, 44, 45, 46, 48, 53, 57, 59, 60, 61, 64, 66, 68, 70, 73, 76, 78, 80, 84, 85, 87, 90, 93, 96, 103, 108, 112, 113, 117, 120, 43, 56, 13, 147, 124, 125, 127, 130, 133, 138, 140, 150]
x_122: [3, 16, 17, 23, 24, 29, 33, 36, 38, 42, 43, 49, 54, 56, 58, 59, 60, 64, 68, 71, 83, 85, 90, 100, 101, 103, 106, 108, 110, 114, 116, 120, 126, 9, 128, 66, 119, 144, 92, 87, 107, 61, 96, 123, 127, 2, 86, 50, 26, 12, 48, 67, 141, 63, 115, 111, 45, 11, 131, 146, 81, 124, 77, 142, 72, 136, 129, 97, 134, 88, 79, 147, 82, 148, 98, 22, 41, 139, 21, 94, 20, 138, 133, 57, 91, 132, 140, 44, 53, 118, 8, 46, 125, 31, 32, 150, 5, 4, 105, 89, 113, 27, 135, 143, 145, 149]
x_123: [2, 6, 7, 11, 13, 14, 15, 17, 19, 22, 24, 29, 30, 31, 34, 37, 38, 39, 41, 43, 44, 46, 51, 52, 53, 54, 60, 61, 62, 64, 67, 70, 71, 73, 77, 78, 79, 81, 83, 84, 86, 87, 95, 97, 99, 101, 105, 107, 110, 111, 115, 116, 117, 122, 146, 100, 72, 85, 18, 36, 47, 48, 98, 32, 128, 130, 132, 134, 136, 137, 138, 139, 143, 147]
x_124: [2, 9, 13, 14, 16, 20, 30, 36, 37, 41, 44, 46, 47, 48, 52, 54, 57, 69, 70, 73, 74, 77, 78, 79, 80, 92, 100, 103, 105, 106, 109, 110, 111, 113, 122, 75, 89, 136, 33, 102, 98, 93, 59, 4, 27, 55, 21, 8, 146, 94, 91, 99, 43, 56, 120, 119, 66, 58, 101, 5, 32, 45, 60, 82, 81, 28, 107, 121, 11, 148, 139, 88, 127, 6, 144, 140, 76, 125, 141, 18, 50, 83, 34, 130, 38, 51, 39, 137, 63, 64, 147, 133, 145, 97, 150, 129, 132, 134, 135, 142]
x_125: [1, 2, 5, 7, 8, 14, 15, 17, 18, 22, 23, 30, 34, 37, 51, 52, 53, 57, 59, 60, 64, 65, 66, 67, 68, 71, 73, 74, 78, 80, 82, 84, 85, 86, 97, 98, 99, 100, 103, 106, 108, 110, 111, 117, 119, 120, 122, 124, 146, 136, 33, 139, 50, 43, 121, 83, 16, 128, 115, 130, 138, 102, 101, 29, 145, 69, 72, 11, 10, 21, 112, 55, 129, 133, 134, 135, 140, 142, 150]
x_126: [2, 5, 8, 13, 14, 15, 19, 21, 22, 27, 29, 31, 34, 36, 41, 43, 44, 46, 47, 53, 59, 60, 61, 62, 68, 75, 78, 79, 80, 82, 87, 93, 95, 96, 97, 102, 104, 111, 116, 122, 69, 129, 132, 135, 140, 144]
x_127: [1, 5, 6, 7, 8, 9, 10, 11, 14, 15, 18, 19, 21, 24, 30, 34, 38, 40, 43, 49, 50, 52, 53, 56, 58, 60, 62, 63, 64, 66, 67, 73, 74, 76, 78, 85, 86, 87, 89, 90, 92, 97, 100, 102, 103, 104, 105, 106, 111, 113, 114, 122, 124, 61, 39, 121, 147, 69, 139, 140, 149]
x_128: [2, 3, 5, 11, 12, 15, 27, 30, 36, 38, 41, 49, 51, 52, 53, 54, 56, 59, 60, 64, 66, 67, 68, 69, 70, 74, 75, 77, 79, 80, 83, 84, 85, 86, 90, 92, 95, 96, 98, 100, 101, 102, 105, 108, 110, 111, 112, 113, 116, 119, 122, 125, 129, 50, 71, 97, 19, 140, 76, 1, 31, 32, 57, 43, 99, 148, 139, 40, 65, 123, 35, 26, 93, 115, 63, 72, 48, 114, 132, 137, 138, 146]
x_129: [2, 6, 7, 8, 12, 13, 15, 18, 19, 20, 21, 22, 24, 27, 29, 37, 38, 43, 44, 46, 47, 49, 51, 52, 57, 58, 60, 68, 69, 77, 79, 80, 82, 83, 86, 89, 92, 95, 97, 98, 99, 102, 105, 106, 112, 117, 122, 124, 128, 50, 110, 48, 113, 14, 40, 111, 101, 135, 26, 149, 73, 108, 9, 84, 65, 76, 23, 145, 126, 87, 109, 11, 114, 32, 125, 66, 144, 146]
x_130: [2, 5, 8, 13, 14, 15, 16, 19, 20, 22, 25, 27, 29, 30, 32, 34, 36, 43, 44, 47, 52, 53, 54, 60, 62, 63, 67, 68, 73, 74, 78, 79, 80, 82, 83, 84, 87, 89, 90, 92, 93, 96, 99, 100, 101, 103, 104, 105, 108, 109, 111, 116, 117, 120, 124, 125, 94, 26, 121, 59, 147, 55, 141, 51, 10, 17, 18, 1, 136, 7, 38, 41, 12, 58, 135, 112, 9, 3, 57, 123, 56, 72, 95, 75, 138, 139, 144, 150]
x_131: [2, 3, 5, 6, 7, 8, 9, 13, 14, 15, 16, 17, 21, 22, 24, 27, 29, 30, 32, 38, 41, 42, 44, 46, 47, 51, 56, 57, 59, 62, 70, 73, 74, 76, 77, 78, 82, 85, 87, 92, 95, 97, 98, 99, 105, 113, 115, 118, 120, 122, 150, 135, 140, 103, 143, 101, 146, 34, 72, 93, 12, 50, 20, 40, 36, 117, 45, 39, 132, 144, 148]
x_132: [2, 6, 7, 12, 14, 16, 17, 19, 21, 22, 24, 27, 29, 32, 37, 38, 43, 44, 47, 49, 53, 54, 58, 59, 60, 62, 64, 68, 69, 71, 72, 73, 75, 76, 78, 79, 80, 83, 86, 90, 92, 93, 97, 108, 113, 116, 122, 36, 81, 148, 61, 65, 13, 46, 31, 77, 140, 45, 118, 9, 111, 4, 11, 87, 123, 70, 124, 143, 26, 131, 144, 142, 106, 52, 101, 82, 56, 128, 88, 8, 34, 135, 41, 107, 114, 96, 50, 91, 30, 136, 146, 63, 120, 126, 95, 98, 105, 33, 147, 23, 15, 57, 141, 100, 137, 89, 99, 149, 28, 115, 109, 138, 139, 145, 150]
x_133: [2, 5, 8, 14, 15, 17, 19, 20, 22, 30, 36, 41, 42, 43, 44, 46, 47, 50, 51, 54, 56, 59, 61, 62, 71, 77, 78, 79, 86, 87, 90, 92, 94, 95, 97, 98, 100, 105, 109, 113, 118, 122, 124, 111, 37, 49, 96, 103, 82, 9, 135, 28, 4, 125, 81, 121, 108, 45, 85, 63, 76, 7, 115, 57, 83, 25, 34, 74, 68, 143, 146, 80, 11, 73, 139, 142, 55, 138, 149, 117, 26, 27, 114, 99, 10, 136, 140, 144]
x_134: [2, 9, 12, 13, 15, 21, 22, 27, 30, 32, 33, 36, 37, 39, 43, 49, 50, 57, 60, 61, 63, 64, 68, 69, 71, 73, 79, 80, 83, 86, 90, 98, 100, 103, 104, 105, 111, 117, 122, 76, 123, 112, 93, 102, 113, 124, 75, 125, 17, 40, 24, 136, 46, 96, 47, 18, 110, 5, 59, 135, 138, 139, 140, 144, 146]
x_135: [5, 7, 8, 9, 11, 13, 14, 18, 22, 24, 25, 27, 36, 41, 42, 43, 44, 54, 56, 57, 58, 60, 63, 64, 68, 71, 74, 76, 80, 81, 82, 84, 85, 90, 93, 94, 95, 98, 100, 102, 103, 104, 105, 106, 108, 111, 113, 117, 120, 129, 130, 131, 132, 133, 146, 47, 134, 118, 29, 37, 3, 124, 126, 73, 52, 67, 145, 12, 77, 20, 114, 125, 89, 51, 40, 19, 70, 32, 99, 122, 46, 144, 139, 91, 62, 75, 1, 86, 48, 53, 92, 66, 55, 10, 143, 96, 59, 140, 15, 72, 136, 137, 138, 142, 147]
x_136: [1, 3, 7, 8, 10, 15, 16, 17, 22, 32, 36, 38, 43, 44, 45, 46, 47, 48, 51, 53, 54, 64, 68, 71, 72, 74, 75, 78, 79, 83, 86, 92, 97, 98, 102, 104, 111, 117, 122, 124, 125, 130, 132, 134, 145, 100, 9, 143, 135, 61, 66, 56, 87, 77, 25, 140, 49, 133, 114, 67, 5, 109, 144, 42, 82, 14, 107, 59, 123, 90, 139, 28, 85, 18, 55, 13, 35, 31, 120, 80, 96, 141, 21, 91, 34, 84, 106, 11, 12, 58, 99, 138, 149]
x_137: [5, 12, 13, 14, 15, 19, 29, 32, 35, 36, 38, 42, 43, 46, 57, 61, 63, 71, 73, 78, 79, 80, 81, 82, 86, 87, 90, 92, 97, 98, 100, 101, 103, 111, 112, 113, 117, 124, 132, 89, 116, 95, 10, 11, 22, 18, 39, 7, 26, 3, 105, 141, 135, 51, 119, 4, 77, 53, 74, 70, 65, 150, 145, 68, 138, 52, 107, 41, 149, 84, 31, 128, 123, 17, 45, 146, 59, 143, 99, 66, 140, 120, 72, 50]
x_138: [2, 5, 7, 11, 12, 13, 15, 16, 17, 18, 19, 21, 27, 33, 34, 36, 37, 38, 40, 41, 43, 44, 47, 48, 49, 52, 53, 56, 68, 71, 79, 82, 84, 87, 92, 95, 97, 102, 110, 116, 120, 122, 125, 133, 137, 50, 61, 80, 20, 60, 54, 149, 94, 51, 39, 100, 117, 135, 118, 88, 130, 150, 81, 23, 24, 6, 91, 42, 121, 67, 119, 77, 93, 136, 107, 75, 59, 105, 72, 29, 146, 90, 3, 1, 123, 32, 96, 142, 25, 28, 9, 106, 14, 86, 115, 10, 134, 104, 109, 132, 26, 99, 111, 58, 98, 140, 57, 45, 128, 144, 145]
x_139: [1, 2, 6, 7, 8, 11, 14, 15, 18, 22, 24, 29, 34, 36, 38, 42, 43, 44, 46, 51, 52, 53, 54, 59, 68, 73, 74, 75, 76, 78, 80, 81, 82, 84, 87, 89, 90, 94, 97, 99, 100, 101, 102, 104, 107, 110, 111, 112, 113, 120, 122, 124, 125, 128, 133, 135, 136, 88, 55, 32, 45, 25, 132, 28, 49, 57, 20, 96, 115, 141, 108, 27, 114, 3, 140, 10, 16, 116, 109, 147, 150, 33, 83, 21, 62, 13, 64, 95, 130, 70, 72, 69, 61, 4, 31, 12, 86, 134, 35, 117, 149, 67, 17, 58, 77, 105, 48, 37, 123, 148, 127, 93, 40, 66, 143]
x_140: [5, 6, 7, 8, 14, 15, 16, 17, 19, 20, 22, 30, 37, 43, 44, 52, 53, 54, 57, 58, 59, 60, 61, 63, 65, 66, 67, 68, 73, 75, 76, 77, 78, 79, 80, 83, 84, 85, 86, 87, 90, 92, 93, 95, 96, 100, 101, 103, 104, 113, 114, 117, 120, 122, 124, 128, 131, 132, 135, 136, 137, 138, 139, 102, 126, 46, 107, 51, 71, 144, 23, 2, 55, 9, 47, 127, 109, 133, 45, 48, 147, 32, 13, 11, 82, 34, 150, 146, 38, 143, 64, 91, 141, 33, 18, 134, 56, 35, 70, 12, 118, 112, 27, 125, 148, 25, 49, 1, 89, 121]
x_141: [2, 3, 5, 6, 7, 11, 12, 14, 16, 22, 24, 27, 29, 34, 36, 44, 47, 51, 53, 54, 57, 60, 61, 62, 67, 68, 74, 77, 79, 83, 84, 85, 87, 89, 92, 95, 96, 98, 104, 110, 113, 115, 116, 117, 120, 122, 124, 130, 132, 136, 137, 139, 140, 65, 59, 43, 106, 147, 144, 146, 150]
x_142: [1, 2, 3, 5, 6, 7, 14, 15, 17, 19, 20, 22, 27, 30, 32, 41, 44, 51, 53, 59, 64, 68, 73, 74, 77, 79, 85, 87, 93, 95, 96, 97, 98, 99, 100, 107, 108, 113, 115, 116, 117, 122, 132, 133, 138, 125, 28, 148, 90, 25, 56, 111, 49, 16, 150, 102, 37, 60, 92, 94, 55, 9, 50, 124, 110, 144, 109, 112, 135, 71, 12, 54, 10, 145, 146]
x_143: [2, 8, 9, 13, 16, 19, 22, 27, 34, 38, 42, 43, 46, 47, 49, 52, 53, 54, 56, 57, 59, 64, 67, 69, 71, 73, 74, 79, 84, 85, 87, 90, 92, 96, 97, 99, 104, 108, 111, 112, 117, 120, 131, 132, 133, 135, 136, 137, 140, 28, 26, 10, 81, 80, 105, 145, 122, 30, 18, 95, 91, 33, 29, 106, 40, 1, 51, 110, 41, 139, 68, 32, 37, 12, 115, 17, 144, 75, 123, 62, 44]
x_144: [2, 5, 7, 8, 9, 12, 13, 15, 17, 19, 21, 27, 30, 34, 37, 38, 41, 42, 53, 54, 56, 59, 62, 67, 68, 73, 78, 80, 85, 86, 87, 92, 95, 96, 101, 104, 105, 109, 112, 113, 117, 120, 122, 124, 132, 135, 136, 140, 142, 143, 29, 16, 146, 47, 6, 138, 134, 131, 133, 110, 98, 3, 106, 130, 24, 48, 84, 99, 76, 43, 64, 1, 116, 4, 50, 58, 129, 40, 10, 22, 74, 79, 26, 82, 126, 111, 46, 141, 32, 97, 44, 103, 149]
x_145: [5, 7, 11, 13, 14, 15, 16, 19, 20, 21, 24, 27, 29, 30, 36, 38, 43, 44, 46, 47, 52, 57, 59, 62, 64, 67, 70, 71, 73, 77, 80, 82, 83, 87, 88, 90, 92, 96, 97, 100, 105, 107, 109, 113, 115, 116, 117, 120, 124, 125, 129, 135, 136, 137, 143, 34, 74, 101, 119, 6, 2, 91, 41, 103, 122, 132, 138, 61, 32, 150, 112, 142, 69, 110, 146]
x_146: [1, 2, 5, 7, 8, 15, 17, 19, 29, 30, 31, 36, 38, 43, 46, 47, 51, 52, 53, 54, 56, 59, 60, 61, 67, 68, 71, 73, 74, 79, 81, 82, 85, 86, 89, 90, 92, 96, 97, 98, 99, 101, 104, 105, 107, 111, 116, 117, 120, 122, 123, 124, 125, 131, 132, 133, 135, 137, 138, 140, 144, 102, 4, 148, 128, 13, 150, 88, 80, 21, 106, 134, 18, 50, 20, 142, 12, 76, 83, 3, 48, 69, 141, 11, 16, 42, 145, 6, 65, 23, 58, 129, 113, 41, 118, 45, 93, 119, 49, 149, 27, 147, 95]
x_147: [5, 7, 8, 13, 14, 15, 18, 21, 22, 25, 29, 30, 37, 38, 43, 47, 48, 53, 56, 57, 60, 62, 67, 70, 73, 74, 75, 79, 80, 82, 83, 85, 86, 87, 92, 94, 95, 96, 97, 100, 101, 108, 113, 115, 117, 121, 122, 124, 127, 130, 132, 139, 140, 141, 146, 76, 35, 64, 24, 88, 51, 40, 44, 42, 123, 27, 135, 91, 107, 84, 90, 149]
x_148: [2, 5, 6, 13, 16, 19, 22, 23, 24, 30, 31, 36, 38, 41, 42, 46, 47, 49, 51, 53, 54, 59, 64, 65, 74, 82, 83, 84, 85, 92, 95, 96, 99, 109, 115, 117, 120, 122, 124, 128, 132, 139, 140, 142, 146, 93, 131, 9, 35, 27]
x_149: [2, 5, 6, 7, 8, 9, 11, 13, 14, 15, 16, 19, 20, 22, 23, 27, 29, 34, 47, 51, 52, 56, 58, 62, 68, 74, 76, 77, 79, 80, 82, 83, 88, 92, 95, 96, 97, 99, 106, 109, 111, 112, 113, 116, 117, 118, 120, 129, 132, 133, 137, 138, 139, 146, 78, 90, 61, 60, 89, 150, 85, 40, 136, 122, 108, 144, 10, 84, 57, 102, 101, 127, 114, 55, 147, 69]
x_150: [3, 8, 13, 14, 17, 19, 21, 22, 23, 27, 36, 38, 41, 43, 46, 50, 54, 57, 58, 59, 67, 73, 74, 82, 84, 87, 89, 90, 94, 97, 98, 99, 102, 103, 104, 105, 109, 111, 112, 113, 116, 122, 124, 131, 137, 138, 139, 140, 142, 145, 146, 149, 2, 63, 125, 81, 79, 37, 45, 1, 132, 52, 130, 16, 69, 121, 25, 86, 77, 72, 93, 117, 141, 31]