100
58 56 40 13 39 7 62 23 33 71 27 17 6 52 71 2 73 65 39 1 49 44 13 33 21 26 10 23 74 49 68 73 3 29 52 3 1 68 54 23 7 51 54 25 21 29 12 58 70 70 43 33 25 65 33 50 32 38 33 19 35 47 75 36 65 29 25 69 3 14 28 36 22 42 29 21 5 29 50 34 33 28 34 49 6 5 20 64 56 39 47 52 46 26 37 36 34 62 20 75
x_1: [73, 98, 9, 33, 16, 64, 58, 61, 84, 49, 27, 13, 63, 4, 50, 56, 78, 2, 3, 12, 14, 19, 26, 28, 38, 40, 43, 46, 52, 53, 60, 65, 70, 71, 72, 76, 80, 87, 94, 96, 97, 100]
x_2: [99, 1, 90, 58, 35, 93, 30, 76, 14, 41, 4, 3, 84, 70, 49, 88, 28, 55, 68, 29, 98, 57, 64, 71, 45, 87, 59, 38, 54, 72, 83, 13, 24, 81, 16, 96, 43, 92, 65, 86, 25, 39, 37, 51, 5, 62, 32, 52, 23, 47, 100, 95, 48, 12, 85, 66, 21, 67, 63, 94, 61, 6, 40, 91, 79, 75, 7, 8, 9, 19, 20, 26, 74, 82]
x_3: [2, 22, 65, 30, 99, 26, 70, 71, 52, 66, 45, 74, 46, 59, 35, 85, 78, 94, 1, 50, 95, 17, 67, 100, 72, 27, 55, 8, 62, 47, 73, 53, 63, 54, 69, 80, 79, 43, 77, 4, 82, 23, 75, 24, 12, 33, 5, 87, 10, 11, 58, 97, 36, 32, 15, 38, 9, 21, 68, 6, 14, 16, 18, 25, 39, 40, 41, 42, 60, 76, 83, 88, 92, 96]
x_4: [1, 2, 3, 85, 35, 83, 92, 38, 59, 90, 42, 64, 61, 15, 40, 50, 44, 54, 25, 34, 14, 33, 94, 66, 5, 7, 9, 12, 13, 16, 20, 23, 24, 28, 36, 37, 45, 46, 52, 67, 69, 71, 72, 73, 76, 77, 78, 82, 84, 86, 87, 89, 91, 96, 100]
x_5: [2, 3, 78, 56, 29, 51, 19, 93, 21, 58, 91, 65, 87, 55, 70, 81, 89, 67, 68, 84, 4, 6, 9, 18, 20, 23, 26, 38, 43, 45, 46, 49, 54, 60, 61, 64, 71, 74, 76, 83, 97, 100]
x_6: [2, 42, 85, 81, 55, 8, 95, 39, 17, 28, 7, 40, 10, 96, 21, 54, 73, 33, 72, 5, 76, 59, 22, 100, 91, 80, 66, 49, 26, 45, 13, 27, 74, 87, 56, 25, 64, 14, 86, 50, 38, 65, 3, 79, 52, 37, 18, 44, 35, 71, 88, 69, 63, 16, 19, 20, 23, 24, 34, 41, 43, 46, 48, 51, 78, 82, 83, 93, 97, 98]
x_7: [6, 69, 31, 9, 93, 11, 18, 22, 28, 35, 98, 43, 77, 65, 33, 48, 44, 15, 38, 78, 100, 92, 63, 75, 71, 99, 14, 42, 53, 10, 49, 19, 17, 79, 76, 74, 29, 73, 47, 59, 36, 2, 86, 12, 25, 54, 21, 58, 88, 96, 56, 70, 62, 41, 13, 27, 84, 4, 16, 24, 34, 40, 45, 46, 51, 60, 61, 64, 67, 72, 82, 83, 89, 94]
x_8: [3, 6, 77, 41, 58, 51, 52, 9, 59, 15, 33, 28, 80, 100, 70, 89, 61, 85, 46, 34, 24, 27, 40, 26, 32, 47, 11, 36, 12, 97, 84, 74, 83, 44, 30, 50, 42, 75, 39, 43, 13, 79, 29, 10, 35, 71, 94, 82, 2, 38, 64, 20, 65, 66, 86, 23, 19, 14, 91, 18, 22, 53, 55, 56, 60, 67, 69, 72, 73, 76, 78, 87, 88, 90, 92]
x_9: [1, 3, 7, 8, 38, 17, 27, 19, 70, 93, 5, 100, 41, 80, 87, 71, 96, 89, 23, 39, 56, 69, 21, 92, 86, 32, 33, 88, 58, 57, 59, 2, 51, 44, 22, 34, 63, 4, 83, 54, 74, 46, 75, 18, 76, 36, 73, 52, 79, 12, 30, 68, 65, 84, 82, 94, 29, 31, 14, 16, 24, 25, 28, 43, 45, 53, 61, 67, 72, 78, 81, 97]
x_10: [3, 6, 7, 8, 88, 62, 29, 92, 53, 44, 72, 79, 94, 84, 36, 83, 98, 66, 48, 21, 99, 27, 40, 39, 89, 71, 22, 90, 95, 60, 77, 11, 16, 78, 74, 49, 23, 20, 33, 55, 28, 73, 93, 97, 64, 51, 82, 45, 50, 70, 68, 12, 14, 25, 26, 34, 37, 41, 42, 43, 46, 52, 58, 61, 80, 81, 96, 100]
x_11: [3, 7, 8, 10, 81, 13, 35, 95, 18, 100, 79, 85, 88, 90, 57, 31, 49, 56, 51, 22, 42, 17, 80, 63, 28, 16, 77, 69, 53, 38, 36, 19, 20, 23, 24, 25, 41, 46, 58, 60, 64, 78, 82, 86, 87, 89, 93]
x_12: [2, 3, 7, 8, 9, 10, 49, 96, 72, 1, 25, 68, 57, 75, 4, 81, 78, 32, 34, 27, 23, 37, 19, 70, 26, 35, 40, 97, 33, 88, 58, 22, 46, 63, 54, 16, 20, 28, 29, 42, 44, 52, 55, 56, 60, 61, 64, 71, 73, 74, 79, 83, 84, 90, 94, 98, 100]
x_13: [1, 2, 6, 7, 8, 11, 99, 27, 74, 50, 37, 14, 4, 16, 73, 96, 70, 38, 87, 98, 18, 19, 22, 23, 24, 25, 28, 29, 35, 39, 41, 43, 45, 46, 55, 60, 63, 66, 67, 68, 72, 76, 77, 78, 83, 88, 92, 93, 94, 97]
x_14: [2, 4, 6, 7, 8, 13, 84, 18, 10, 65, 48, 74, 40, 56, 87, 46, 98, 68, 42, 1, 16, 57, 92, 58, 45, 70, 52, 44, 94, 88, 64, 15, 83, 49, 27, 72, 36, 82, 77, 93, 95, 66, 26, 60, 67, 53, 96, 90, 22, 80, 86, 47, 50, 75, 55, 9, 32, 38, 81, 3, 20, 100, 51, 35, 23, 99, 78, 24, 25, 28, 34, 71, 73, 76]
x_15: [3, 4, 7, 8, 14, 45, 34, 17, 19, 23, 25, 27, 28, 29, 35, 38, 39, 42, 47, 51, 52, 57, 58, 63, 70, 71, 73, 74, 77, 81, 82, 84, 88, 89, 93, 94, 96, 100]
x_16: [1, 2, 10, 11, 13, 14, 53, 88, 70, 39, 20, 60, 34, 63, 22, 66, 6, 35, 96, 76, 55, 9, 46, 85, 57, 3, 65, 91, 21, 89, 12, 52, 82, 36, 78, 27, 68, 31, 43, 90, 67, 48, 72, 95, 7, 84, 92, 79, 30, 51, 23, 62, 29, 32, 4, 80, 41, 56, 98, 25, 81, 94, 19, 24, 26, 28, 33, 37, 40, 47, 74, 86, 93]
x_17: [3, 6, 7, 9, 11, 75, 57, 94, 19, 78, 34, 59, 68, 21, 18, 100, 92, 47, 40, 97, 52, 31, 15, 20, 23, 24, 26, 27, 28, 29, 35, 36, 37, 41, 42, 43, 46, 53, 58, 65, 71, 72, 74, 76, 77, 83, 84, 86, 93, 99]
x_18: [6, 7, 9, 11, 14, 17, 92, 88, 40, 30, 51, 42, 64, 13, 24, 8, 77, 3, 97, 28, 5, 91, 68, 93, 79, 57, 44, 85, 25, 26, 29, 35, 38, 41, 43, 46, 58, 60, 61, 65, 66, 67, 71, 74, 75, 78, 80, 82, 83, 89, 90, 96]
x_19: [5, 7, 8, 9, 12, 17, 16, 79, 89, 23, 13, 29, 52, 30, 64, 58, 49, 97, 22, 31, 37, 60, 71, 75, 50, 28, 92, 34, 43, 76, 15, 11, 6, 2, 1, 62, 41, 20, 25, 27, 39, 42, 46, 51, 63, 67, 70, 72, 74, 77, 80, 83, 93, 94, 96]
x_20: [8, 10, 14, 16, 37, 26, 52, 21, 98, 83, 4, 2, 50, 19, 86, 70, 73, 49, 33, 17, 11, 60, 84, 39, 5, 69, 68, 6, 36, 100, 56, 12, 25, 64, 82, 96, 88, 85, 58, 43, 81, 35, 34, 32, 76, 23, 45, 55, 78, 90, 72, 67, 46, 71, 53, 92, 22, 24, 28, 29, 40, 41, 42, 65, 74, 87, 89, 93, 94, 97]
x_21: [2, 3, 5, 6, 7, 9, 10, 16, 17, 20, 92, 35, 96, 79, 93, 97, 33, 23, 24, 26, 37, 38, 40, 42, 46, 53, 58, 60, 63, 64, 65, 70, 74, 80, 81, 83, 87, 88, 89]
x_22: [3, 6, 7, 9, 10, 11, 12, 14, 16, 19, 20, 8, 27, 55, 82, 66, 61, 65, 48, 13, 25, 28, 41, 43, 46, 51, 52, 58, 60, 64, 67, 69, 70, 74, 80, 83, 86, 89, 93, 94, 96, 97, 98, 100]
x_23: [2, 3, 8, 9, 10, 12, 14, 16, 19, 20, 21, 6, 17, 69, 5, 57, 86, 51, 98, 91, 58, 4, 95, 68, 35, 33, 42, 11, 39, 50, 94, 34, 41, 49, 15, 87, 13, 55, 32, 65, 72, 27, 43, 44, 25, 28, 29, 40, 63, 64, 67, 70, 71, 73, 76, 77, 82, 84, 88, 89, 90, 92, 96, 100]
x_24: [2, 3, 8, 18, 51, 75, 62, 14, 17, 84, 58, 68, 72, 93, 90, 67, 69, 4, 38, 96, 21, 26, 48, 50, 42, 13, 53, 45, 74, 9, 6, 39, 41, 54, 46, 35, 65, 16, 20, 94, 36, 59, 47, 95, 49, 11, 7, 25, 28, 29, 40, 43, 52, 55, 56, 60, 66, 73, 76, 83, 86, 89, 91, 100]
x_25: [2, 4, 6, 7, 12, 16, 20, 63, 74, 33, 32, 90, 96, 44, 47, 83, 48, 52, 40, 60, 77, 69, 65, 22, 19, 88, 29, 73, 18, 15, 24, 99, 53, 94, 80, 13, 70, 35, 92, 14, 27, 34, 9, 81, 68, 11, 10, 28, 23, 66, 56, 3, 76, 91, 37, 26, 64, 31, 55, 58, 87, 43, 49, 51, 59, 67, 71, 82]
x_26: [3, 6, 8, 12, 14, 20, 24, 25, 62, 93, 10, 33, 53, 2, 96, 69, 99, 49, 66, 63, 52, 79, 75, 55, 46, 59, 1, 39, 90, 89, 83, 70, 16, 41, 100, 74, 71, 37, 68, 67, 78, 81, 40, 58, 17, 65, 57, 76, 18, 21, 82, 95, 85, 73, 5, 28, 29, 42, 43, 47, 56, 60, 72, 77, 80, 87, 94]
x_27: [1, 3, 6, 7, 8, 9, 10, 12, 13, 14, 16, 22, 23, 25, 54, 52, 37, 85, 97, 86, 50, 35, 60, 48, 82, 96, 62, 99, 44, 59, 15, 46, 19, 34, 17, 76, 53, 66, 95, 89, 36, 56, 43, 100, 63, 28, 39, 42, 49, 51, 55, 65, 69, 70, 71, 72, 73, 83, 94, 98]
x_28: [2, 6, 7, 8, 10, 11, 18, 19, 25, 27, 63, 52, 92, 55, 12, 9, 17, 20, 30, 94, 4, 14, 33, 62, 100, 13, 84, 93, 24, 1, 79, 71, 69, 45, 95, 87, 54, 86, 16, 34, 88, 36, 23, 91, 83, 50, 58, 38, 66, 64, 51, 15, 78, 90, 26, 22, 67, 96, 37, 82, 70, 98, 80, 44, 97, 85, 29, 40, 43, 46, 53, 60, 74, 76, 81, 89]
x_29: [2, 5, 7, 8, 9, 10, 16, 19, 25, 35, 70, 81, 57, 39, 98, 13, 30, 66, 36, 91, 32, 53, 17, 33, 72, 77, 69, 78, 20, 62, 90, 40, 63, 28, 64, 48, 61, 31, 44, 23, 24, 95, 75, 89, 58, 65, 42, 68, 18, 83, 41, 80, 43, 12, 82, 73, 88, 15, 26, 85, 55, 47, 52, 60, 67, 71, 74, 76, 84, 86, 87, 93, 94, 96]
x_30: [2, 3, 8, 9, 16, 18, 19, 28, 29, 100, 39, 40, 43, 47, 51, 52, 53, 55, 56, 60, 65, 67, 70, 74, 76, 78, 80, 81, 82, 83, 84, 87, 89, 94, 96]
x_31: [7, 9, 11, 16, 17, 19, 25, 29, 40, 79, 35, 38, 39, 41, 42, 46, 52, 55, 58, 60, 64, 69, 71, 72, 73, 80, 87, 88, 92, 93, 94, 99, 100]
x_32: [2, 3, 8, 9, 12, 14, 16, 20, 23, 25, 29, 96, 36, 88, 81, 44, 35, 77, 93, 67, 49, 34, 38, 39, 40, 42, 43, 46, 52, 58, 60, 64, 69, 72, 75, 76, 78, 80, 82, 84, 86, 89]
x_33: [1, 3, 4, 6, 7, 8, 9, 10, 12, 20, 21, 23, 25, 26, 28, 29, 16, 43, 45, 34, 36, 38, 40, 41, 42, 48, 51, 55, 58, 63, 76, 80, 86, 87, 88, 93, 94, 96, 97, 100]
x_34: [4, 8, 9, 12, 15, 16, 17, 19, 20, 23, 25, 27, 28, 33, 99, 88, 74, 6, 45, 10, 93, 14, 39, 41, 32, 35, 68, 7, 36, 46, 51, 53, 61, 62, 65, 76, 78, 80, 82, 84, 86, 92, 96, 97, 98, 100]
x_35: [2, 3, 4, 6, 7, 8, 11, 12, 14, 16, 20, 21, 23, 24, 25, 27, 29, 32, 34, 18, 52, 48, 93, 82, 89, 31, 13, 87, 43, 36, 66, 42, 15, 46, 83, 17, 78, 74, 80, 68, 61, 73, 54, 69, 51, 39, 81, 71, 77, 37, 38, 40, 47, 55, 60, 67, 75, 88, 92, 96]
x_36: [3, 7, 8, 9, 10, 11, 14, 16, 20, 24, 27, 28, 29, 32, 35, 56, 70, 33, 69, 68, 34, 61, 17, 52, 91, 96, 48, 84, 47, 72, 93, 65, 88, 75, 4, 80, 38, 41, 43, 45, 46, 58, 60, 63, 67, 71, 73, 82, 83, 85, 87, 94, 97, 100]
x_37: [2, 6, 12, 13, 19, 20, 25, 26, 27, 28, 58, 88, 17, 10, 75, 87, 62, 99, 43, 47, 38, 21, 49, 57, 52, 16, 77, 35, 86, 82, 78, 69, 83, 96, 72, 59, 4, 100, 40, 42, 46, 56, 63, 65, 74, 76, 93]
x_38: [2, 3, 4, 6, 7, 8, 9, 11, 13, 14, 24, 28, 37, 77, 87, 55, 36, 48, 53, 52, 78, 60, 61, 100, 5, 83, 91, 90, 1, 15, 76, 18, 68, 66, 98, 46, 71, 35, 73, 84, 32, 80, 31, 72, 21, 41, 94, 45, 33, 85, 81, 99, 79, 56, 54, 39, 42, 63, 67, 70, 82, 86, 89, 92, 93, 96, 97]
x_39: [2, 6, 8, 9, 10, 16, 20, 23, 24, 26, 29, 34, 35, 46, 38, 97, 44, 57, 90, 31, 82, 79, 67, 19, 87, 15, 66, 70, 83, 81, 63, 91, 75, 3, 62, 27, 50, 51, 92, 30, 13, 32, 43, 85, 60, 96, 61, 48, 64, 84, 99, 42, 45, 49, 52, 55, 58, 68, 71, 73, 74, 80, 89, 94]
x_40: [2, 4, 6, 8, 10, 12, 14, 17, 18, 25, 26, 29, 31, 93, 56, 57, 52, 70, 16, 74, 63, 35, 20, 49, 54, 84, 24, 59, 99, 86, 65, 37, 68, 33, 3, 60, 51, 82, 91, 95, 30, 69, 90, 1, 32, 55, 21, 85, 23, 44, 100, 72, 75, 66, 28, 67, 89, 79, 73, 83, 7, 50, 41, 58, 61, 76, 80, 81, 87, 94, 97, 98]
x_41: [2, 7, 8, 9, 16, 19, 23, 24, 26, 29, 34, 38, 13, 83, 62, 6, 67, 31, 100, 3, 40, 60, 36, 93, 54, 22, 77, 18, 72, 91, 99, 69, 82, 58, 65, 71, 90, 51, 50, 64, 47, 20, 73, 80, 11, 94, 44, 33, 45, 17, 10, 75, 70, 55, 92, 42, 46, 52, 61, 68, 87, 89, 98]
x_42: [4, 6, 7, 8, 11, 14, 18, 23, 24, 29, 35, 71, 59, 51, 92, 26, 81, 10, 20, 86, 96, 52, 49, 54, 88, 76, 77, 17, 87, 69, 70, 31, 37, 85, 93, 46, 39, 91, 19, 45, 63, 38, 12, 66, 27, 60, 3, 80, 79, 48, 97, 57, 33, 41, 21, 15, 56, 82, 32, 55, 58, 62, 64, 68, 73, 74, 78, 94, 99]
x_43: [2, 3, 7, 8, 16, 19, 20, 23, 27, 29, 33, 35, 37, 39, 65, 51, 91, 28, 50, 85, 67, 18, 92, 75, 93, 1, 26, 98, 73, 49, 62, 70, 79, 30, 5, 82, 22, 86, 71, 53, 36, 99, 54, 52, 64, 13, 17, 24, 72, 59, 97, 6, 63, 94, 69, 44, 32, 10, 87, 96, 55, 57, 25, 77, 66, 47, 76, 100, 9, 61, 45, 46, 58, 84, 89]
x_44: [4, 6, 7, 8, 9, 10, 14, 18, 23, 25, 27, 28, 29, 32, 39, 40, 41, 43, 73, 51, 12, 52, 66, 74, 83, 45, 46, 58, 60, 61, 64, 65, 68, 70, 72, 81, 84, 87, 89, 94, 96, 100]
x_45: [2, 3, 6, 10, 14, 15, 20, 24, 28, 33, 34, 38, 41, 42, 46, 61, 7, 71, 62, 55, 39, 76, 96, 77, 72, 36, 9, 78, 100, 47, 54, 51, 67, 4, 74, 75, 5, 68, 13, 43, 44, 48, 56, 58, 69, 70, 82, 84, 87, 88, 89, 92, 93, 94, 99]
x_46: [3, 8, 9, 12, 14, 16, 20, 24, 26, 27, 35, 38, 39, 42, 45, 71, 5, 82, 48, 75, 10, 63, 11, 70, 58, 43, 65, 1, 21, 47, 28, 19, 76, 52, 41, 66, 54, 44, 34, 78, 92, 99, 81, 32, 97, 51, 37, 74, 80, 91, 22, 53, 17, 93, 83, 31, 13, 36, 62, 7, 95, 67, 18, 57, 96, 4, 72, 6, 90, 85, 68, 55, 59, 60, 64, 73, 77, 79, 84, 88, 89, 94]
x_47: [2, 3, 7, 8, 14, 17, 24, 25, 36, 37, 41, 43, 45, 46, 26, 30, 15, 76, 65, 16, 93, 35, 59, 79, 29, 82, 63, 49, 52, 58, 60, 61, 64, 69, 71, 72, 74, 94, 96]
x_48: [2, 7, 10, 14, 16, 22, 24, 25, 27, 29, 35, 36, 38, 39, 42, 45, 46, 33, 71, 6, 49, 52, 53, 58, 60, 64, 72, 73, 74, 78, 84, 86, 89, 94, 96]
x_49: [1, 2, 6, 7, 10, 11, 12, 14, 19, 20, 23, 24, 26, 32, 37, 40, 42, 43, 98, 68, 5, 27, 57, 63, 65, 48, 51, 84, 25, 77, 88, 80, 39, 75, 55, 79, 61, 47, 52, 58, 60, 70, 73, 76, 78, 83, 87, 89, 92, 94, 100]
x_50: [1, 3, 4, 6, 8, 10, 13, 14, 19, 20, 23, 24, 27, 28, 39, 40, 41, 43, 63, 51, 58, 64, 66, 67, 68, 70, 71, 72, 77, 80, 82, 83, 84, 86, 88, 89, 92, 93, 94, 98, 100]
x_51: [2, 5, 8, 9, 10, 11, 14, 16, 18, 23, 24, 28, 35, 39, 40, 41, 42, 43, 44, 45, 46, 49, 81, 74, 86, 80, 56, 91, 75, 83, 54, 25, 90, 66, 64, 78, 73, 85, 71, 65, 62, 77, 88, 95, 99, 58, 61, 22, 87, 68, 98, 70, 34, 33, 97, 6, 59, 30, 57, 27, 19, 50, 7, 15, 76, 92, 52, 55, 63, 69, 72, 82, 89, 93, 96, 100]
x_52: [2, 3, 6, 8, 9, 14, 16, 17, 19, 20, 25, 26, 27, 28, 35, 36, 37, 38, 40, 42, 43, 44, 46, 83, 100, 89, 53, 78, 30, 4, 90, 24, 97, 99, 65, 96, 74, 47, 39, 49, 54, 68, 60, 10, 80, 31, 81, 29, 32, 92, 51, 93, 1, 91, 88, 57, 64, 22, 87, 48, 56, 71, 66, 63, 41, 15, 75, 85, 55, 12, 82, 67, 77, 84, 86]
x_53: [3, 7, 10, 11, 14, 16, 20, 24, 25, 26, 27, 29, 38, 43, 46, 52, 78, 96, 83, 34, 56, 48, 30, 77, 66, 21, 17, 9, 28, 1, 87, 8, 55, 94, 92, 58, 67, 69, 70, 72, 73, 88, 93, 97]
x_54: [2, 3, 4, 6, 7, 9, 12, 24, 27, 28, 35, 38, 40, 41, 42, 43, 45, 46, 51, 52, 5, 69, 61, 63, 72, 76, 77, 84, 87, 93, 98, 100]
x_55: [2, 3, 5, 6, 10, 14, 16, 20, 22, 23, 25, 26, 28, 29, 38, 40, 41, 43, 45, 46, 49, 52, 53, 79, 72, 61, 35, 75, 71, 67, 33, 30, 24, 27, 51, 8, 31, 90, 58, 42, 73, 65, 82, 12, 98, 39, 13, 93, 76, 77, 78, 87, 89, 92, 94, 96, 100]
x_56: [1, 5, 6, 7, 9, 11, 14, 16, 20, 25, 27, 36, 38, 40, 42, 51, 52, 53, 57, 30, 96, 37, 45, 8, 76, 12, 26, 86, 24, 58, 60, 63, 70, 71, 72, 73, 75, 77, 82, 84, 89, 94, 97, 99, 100]
x_57: [2, 9, 11, 12, 14, 16, 17, 18, 23, 26, 29, 37, 39, 40, 42, 43, 46, 49, 51, 52, 56, 96, 94, 15, 60, 64, 65, 66, 67, 70, 72, 73, 82, 84, 86, 87, 89, 92, 98, 100]
x_58: [1, 2, 3, 5, 7, 8, 9, 12, 14, 19, 20, 23, 24, 25, 26, 28, 29, 37, 41, 46, 51, 55, 33, 68, 32, 93, 98, 42, 45, 59, 85, 79, 49, 87, 50, 63, 44, 78, 84, 15, 31, 10, 99, 56, 36, 69, 39, 43, 97, 48, 53, 47, 61, 66, 17, 22, 73, 71, 92, 94, 83, 81, 18, 21, 11, 40, 88, 62, 64, 65, 67, 74, 76, 82, 86]
x_59: [2, 3, 4, 6, 7, 8, 9, 17, 24, 26, 27, 37, 40, 42, 43, 47, 51, 58, 93, 25, 84, 46, 65, 67, 68, 72, 73, 74, 76, 78, 81, 82, 86, 87, 88, 91, 94]
x_60: [10, 14, 16, 19, 20, 25, 27, 38, 39, 40, 41, 42, 52, 47, 65, 46, 81, 86, 48, 44, 84, 24, 49, 5, 35, 79, 92, 8, 32, 73, 99, 7, 30, 90, 1, 26, 13, 18, 29, 21, 74, 66, 70, 77, 56, 57, 75, 61, 36, 98, 3, 63, 11, 31, 87, 28, 12, 83, 78, 22, 89, 91, 67, 68, 71, 88, 93]
x_61: [1, 2, 4, 8, 22, 29, 35, 36, 38, 39, 43, 45, 49, 51, 55, 58, 60, 41, 62, 71, 5, 7, 47, 64, 72, 18, 63, 9, 66, 86, 95, 73, 40, 78, 74, 12, 44, 54, 10, 34, 76, 79, 82, 83, 84, 87, 89, 90, 93, 96, 97]
x_62: [2, 3, 7, 10, 16, 19, 24, 26, 27, 28, 29, 37, 39, 41, 43, 45, 46, 51, 58, 61, 85, 83, 42, 34, 64, 65, 67, 71, 72, 73, 76, 78, 80, 87, 88, 89, 94, 96]
x_63: [1, 2, 3, 6, 7, 9, 11, 12, 16, 25, 26, 27, 28, 29, 39, 40, 42, 43, 46, 47, 49, 50, 52, 58, 60, 61, 54, 38, 21, 82, 15, 56, 79, 36, 99, 84, 93, 73, 64, 74, 37, 78, 33, 87, 23, 19, 13, 51, 67, 68, 71, 77, 86, 88, 89, 95, 100]
x_64: [1, 2, 4, 6, 8, 10, 14, 18, 19, 20, 25, 28, 29, 39, 41, 43, 51, 52, 61, 63, 96, 73, 90, 58, 62, 32, 5, 94, 82, 11, 95, 67, 65, 42, 22, 91, 50, 71, 93, 72, 76, 48, 7, 46, 57, 31, 89, 83, 85, 70, 12, 98, 21, 47, 44, 23, 68, 74, 77, 84, 97, 100]
x_65: [2, 3, 5, 6, 7, 8, 9, 14, 16, 22, 23, 24, 25, 26, 29, 36, 40, 41, 43, 46, 47, 49, 51, 52, 55, 60, 64, 62, 74, 30, 79, 57, 84, 21, 66, 27, 34, 18, 17, 95, 80, 68, 71, 91, 59, 67, 76, 37, 87, 20, 88, 1, 44, 92, 58, 69, 72, 75, 83, 86, 93, 94, 96, 97]
x_66: [2, 3, 4, 6, 8, 10, 14, 16, 22, 25, 26, 27, 28, 29, 35, 38, 39, 40, 42, 43, 44, 46, 51, 52, 53, 58, 60, 61, 65, 93, 13, 69, 50, 18, 57, 24, 73, 76, 78, 81, 84, 86, 87, 88, 89, 94, 97, 100]
x_67: [2, 3, 5, 14, 16, 20, 24, 26, 28, 32, 39, 40, 41, 43, 45, 46, 55, 64, 65, 76, 25, 58, 63, 50, 38, 100, 97, 23, 77, 35, 4, 72, 8, 86, 9, 71, 30, 57, 96, 7, 60, 36, 53, 13, 22, 52, 70, 79, 95, 62, 19, 18, 29, 59, 84, 90, 73, 82, 83, 87, 93, 98, 99]
x_68: [2, 3, 5, 9, 10, 12, 14, 16, 17, 18, 20, 23, 24, 25, 26, 29, 34, 35, 36, 38, 40, 45, 46, 49, 51, 52, 58, 65, 72, 42, 50, 63, 92, 39, 95, 83, 75, 41, 97, 13, 59, 69, 64, 87, 82, 44, 93, 76, 60, 89, 71, 74, 80, 81, 85, 88, 94, 96]
x_69: [3, 6, 7, 9, 11, 20, 23, 24, 25, 26, 28, 29, 35, 36, 37, 40, 41, 42, 43, 54, 58, 65, 66, 68, 22, 31, 77, 32, 100, 80, 98, 8, 4, 45, 47, 85, 53, 27, 51, 90, 70, 71, 72, 73, 74, 76, 78, 79, 82, 83, 87, 89, 92, 93, 96]
x_70: [2, 3, 5, 7, 8, 9, 10, 12, 13, 14, 16, 20, 25, 26, 28, 29, 36, 39, 40, 41, 42, 43, 46, 51, 60, 64, 67, 86, 100, 23, 50, 84, 45, 78, 79, 30, 27, 91, 38, 56, 1, 53, 15, 69, 94, 97, 44, 19, 49, 82, 90, 21, 22, 57, 72, 73, 74, 83, 88, 93]
x_71: [2, 3, 6, 7, 8, 9, 10, 19, 20, 26, 28, 35, 38, 41, 42, 43, 45, 46, 48, 51, 52, 55, 58, 61, 64, 65, 67, 17, 56, 18, 78, 94, 90, 88, 77, 100, 23, 29, 31, 89, 76, 63, 5, 84, 12, 69, 73, 27, 47, 91, 36, 95, 50, 4, 68, 60, 93, 1, 39, 25, 14, 99, 15, 92, 74, 62, 86, 72, 80]
x_72: [2, 3, 6, 10, 12, 14, 16, 20, 23, 24, 29, 36, 37, 38, 40, 41, 43, 45, 46, 55, 61, 64, 67, 68, 97, 50, 53, 56, 48, 71, 27, 26, 9, 19, 31, 86, 51, 59, 79, 57, 73, 13, 7, 1, 54, 17, 89, 99, 85, 100, 44, 75, 96, 65, 47, 8, 32, 82, 4, 62, 76, 70, 78, 69, 87, 91, 74, 81, 83, 90, 92, 93, 94]
x_73: [1, 3, 6, 7, 9, 10, 13, 20, 25, 26, 29, 35, 38, 40, 41, 43, 44, 51, 55, 58, 60, 61, 63, 64, 71, 72, 78, 70, 53, 31, 67, 49, 62, 94, 57, 15, 27, 76, 79, 90, 48, 14, 46, 89, 84, 12, 66, 56, 8, 74, 39, 81, 86, 77, 4, 36, 80, 42, 100, 69, 23, 96, 91, 59, 75, 24, 85, 98, 88, 97, 83, 87, 92, 93]
x_74: [3, 6, 7, 8, 9, 10, 13, 14, 24, 25, 26, 34, 35, 40, 44, 45, 46, 51, 52, 60, 61, 63, 65, 71, 73, 29, 19, 64, 15, 47, 70, 39, 18, 59, 5, 58, 94, 42, 48, 17, 92, 2, 69, 99, 80, 37, 83, 93, 89, 88, 78, 82, 90, 12, 79, 68, 76, 87, 22, 16, 72, 97, 21, 20, 30, 28, 75, 77, 86, 96, 100]
x_75: [2, 3, 7, 8, 9, 12, 14, 17, 19, 24, 26, 29, 36, 37, 39, 40, 41, 43, 45, 46, 49, 51, 52, 55, 60, 68, 72, 73, 65, 89, 56, 35, 79, 18, 74, 32, 78, 84, 92, 93, 98, 100]
x_76: [2, 6, 7, 9, 16, 19, 20, 25, 26, 27, 38, 42, 43, 45, 46, 47, 51, 56, 64, 65, 67, 68, 71, 72, 73, 74, 34, 8, 3, 79, 37, 61, 55, 24, 28, 99, 87, 5, 82, 97, 54, 66, 23, 29, 30, 58, 33, 89, 91, 49, 14, 62, 88, 94, 1, 40, 100, 90, 17, 85, 59, 69, 4, 83, 13, 80, 32, 84, 93, 96]
x_77: [3, 7, 8, 10, 11, 14, 18, 25, 29, 32, 35, 37, 38, 41, 42, 43, 45, 49, 51, 53, 60, 67, 69, 71, 73, 63, 74, 15, 23, 64, 46, 91, 83, 82, 80, 56, 52, 54, 97, 4, 81, 19, 55, 17, 50, 79, 13, 26, 78, 84, 89, 92, 93, 96, 100]
x_78: [1, 3, 5, 7, 10, 12, 14, 16, 17, 20, 26, 28, 29, 35, 37, 38, 45, 46, 51, 52, 53, 58, 60, 61, 63, 70, 71, 72, 73, 74, 77, 55, 34, 66, 99, 42, 92, 69, 87, 4, 85, 94, 13, 48, 59, 97, 18, 11, 91, 49, 62, 75, 93, 100, 30, 8, 32, 6, 79, 9, 80, 82]
x_79: [2, 3, 6, 7, 8, 9, 10, 11, 16, 18, 19, 21, 26, 28, 31, 38, 39, 40, 42, 43, 47, 49, 55, 58, 60, 63, 65, 67, 70, 72, 73, 74, 75, 76, 77, 78, 46, 12, 69, 61, 80, 85, 89, 90, 93, 94, 96, 100]
x_80: [3, 6, 8, 9, 11, 14, 16, 25, 28, 29, 35, 36, 38, 41, 42, 46, 49, 51, 52, 65, 69, 73, 74, 76, 77, 79, 99, 22, 81, 68, 32, 78, 30, 82, 90, 40, 92, 39, 1, 85, 62, 33, 19, 31, 21, 34, 26, 18, 71, 10, 50, 91, 83, 84, 87, 88, 93, 94, 96, 97, 100]
x_81: [2, 5, 6, 11, 12, 14, 16, 20, 25, 26, 29, 32, 35, 38, 39, 42, 46, 51, 52, 58, 60, 73, 77, 80, 21, 28, 15, 90, 40, 99, 93, 82, 66, 84, 44, 9, 10, 30, 68, 92, 72, 59, 86, 89, 94, 100]
x_82: [3, 8, 9, 10, 14, 16, 20, 22, 26, 27, 28, 29, 35, 37, 39, 40, 41, 42, 43, 46, 47, 52, 55, 63, 64, 68, 70, 72, 74, 76, 77, 80, 81, 59, 56, 15, 25, 2, 32, 67, 78, 38, 34, 45, 7, 4, 100, 57, 6, 58, 85, 87, 18, 88, 86, 94, 30, 61, 23, 69, 11, 51, 36, 50, 92, 93]
x_83: [2, 4, 8, 9, 10, 14, 20, 25, 26, 28, 29, 35, 37, 38, 39, 40, 41, 44, 46, 51, 52, 53, 58, 60, 62, 64, 68, 74, 76, 77, 36, 12, 24, 98, 73, 18, 80, 27, 67, 7, 19, 6, 94, 61, 65, 89, 5, 17, 72, 70, 50, 91, 49, 3, 69, 95, 21, 30, 22, 85, 13, 84, 93, 96, 97]
x_84: [1, 2, 5, 7, 8, 9, 10, 14, 16, 20, 24, 28, 36, 38, 39, 40, 49, 58, 59, 60, 63, 65, 67, 70, 71, 73, 81, 61, 23, 85, 52, 29, 17, 44, 64, 66, 48, 56, 75, 32, 57, 34, 46, 50, 30, 80, 88, 77, 45, 4, 54, 76, 98, 15, 83, 12, 43, 87, 89, 92, 97, 100]
x_85: [2, 3, 4, 6, 8, 11, 16, 18, 20, 26, 27, 28, 29, 38, 39, 40, 42, 43, 46, 51, 52, 58, 62, 64, 69, 72, 73, 76, 78, 80, 82, 83, 84, 36, 68, 99, 79, 86, 88, 92, 93, 94, 97, 98, 100]
x_86: [2, 6, 7, 8, 9, 14, 20, 23, 27, 28, 37, 40, 42, 43, 51, 56, 60, 61, 67, 70, 71, 72, 73, 82, 17, 74, 22, 88, 92, 57, 94, 32, 63, 96, 50, 4, 65, 33, 16, 34, 11, 81, 66, 85, 24, 29, 38, 95, 59, 48, 52, 100, 58, 87, 93, 97]
x_87: [2, 3, 5, 6, 9, 13, 14, 23, 25, 28, 35, 37, 38, 39, 42, 43, 51, 52, 53, 58, 60, 63, 65, 68, 72, 74, 76, 78, 82, 84, 86, 73, 11, 8, 36, 40, 69, 62, 80, 92, 88, 44, 59, 31, 29, 45, 95, 57, 66, 26, 20, 30, 41, 1, 21, 55, 33, 67, 49, 4, 61, 94, 96, 54, 93, 98, 100]
x_88: [2, 6, 7, 9, 10, 11, 12, 14, 16, 18, 20, 25, 28, 29, 32, 34, 36, 37, 42, 49, 51, 52, 58, 65, 71, 73, 74, 76, 82, 84, 86, 87, 21, 70, 66, 100, 94, 80, 23, 35, 53, 96, 62, 45, 91, 59, 31, 46, 92, 68, 3, 85, 50, 99, 33, 63, 15, 8, 13, 60]
x_89: [5, 8, 9, 10, 16, 19, 26, 27, 29, 35, 40, 52, 60, 64, 68, 71, 72, 73, 74, 75, 76, 83, 84, 4, 7, 61, 95, 46, 77, 57, 15, 44, 41, 49, 50, 38, 11, 30, 93, 45, 55, 56, 91, 94, 96, 24, 20, 43, 81, 23, 98, 69, 62, 79, 92, 21, 99, 39, 22, 18, 63, 100, 48, 32, 28, 51, 66]
x_90: [2, 4, 10, 11, 14, 16, 20, 24, 25, 26, 28, 29, 38, 39, 40, 41, 46, 51, 52, 55, 60, 64, 67, 69, 70, 71, 73, 74, 76, 80, 81, 79, 8, 100, 18, 72, 96, 61, 23, 12, 92, 93, 99]
x_91: [2, 5, 6, 8, 16, 18, 23, 25, 28, 29, 36, 38, 39, 40, 41, 42, 43, 46, 51, 52, 60, 64, 65, 70, 71, 72, 73, 76, 77, 78, 80, 83, 88, 89, 4, 24, 93, 59, 92, 94, 96]
x_92: [2, 4, 7, 9, 10, 14, 16, 17, 18, 19, 20, 21, 25, 28, 39, 41, 42, 43, 46, 51, 52, 53, 58, 60, 65, 68, 71, 74, 78, 80, 81, 86, 87, 88, 89, 91, 35, 90, 34, 72, 50, 31, 94, 49, 82, 8, 38, 45, 99, 85, 3, 57, 75, 98, 69, 84, 13, 55, 95, 73, 100, 77, 23, 96, 97]
x_93: [2, 5, 7, 9, 10, 14, 18, 21, 24, 26, 28, 32, 34, 35, 36, 40, 41, 42, 43, 46, 47, 52, 55, 58, 59, 63, 64, 66, 68, 71, 74, 78, 81, 89, 91, 6, 19, 37, 67, 90, 79, 53, 83, 22, 73, 61, 38, 75, 77, 33, 95, 87, 100, 51, 70, 76, 72, 85, 17, 65, 11, 94, 82, 50, 16, 86, 60, 20, 31, 29, 13, 15, 54, 45, 80, 69, 98]
x_94: [2, 3, 4, 8, 9, 10, 14, 16, 17, 23, 24, 25, 28, 38, 41, 43, 53, 57, 58, 64, 70, 71, 73, 74, 76, 78, 82, 83, 86, 87, 88, 89, 92, 93, 22, 42, 68, 81, 97, 7, 39, 13, 12, 1, 85, 95, 36, 40, 80, 98, 33, 59, 50, 29, 100, 66, 65, 96, 47, 91, 56, 20, 15, 48, 19, 72, 79, 30, 62, 46, 44, 55, 26, 27, 31, 49, 45]
x_95: [2, 3, 6, 10, 11, 14, 16, 23, 24, 26, 27, 28, 29, 40, 46, 51, 61, 64, 65, 67, 68, 71, 83, 86, 87, 89, 92, 93, 94, 63]
x_96: [2, 6, 7, 9, 12, 13, 14, 16, 20, 21, 24, 25, 26, 27, 28, 32, 36, 37, 39, 42, 43, 45, 46, 52, 53, 56, 57, 64, 67, 72, 73, 86, 87, 88, 89, 90, 94, 65, 18, 55, 98, 62, 29, 19, 15, 35, 47, 91, 33, 97, 4, 100, 77, 69, 3, 44, 23, 34, 83, 30, 10, 48, 99, 1, 51, 74, 76, 79, 61, 92, 68, 22, 80, 38]
x_97: [3, 8, 10, 12, 17, 18, 19, 21, 27, 28, 39, 42, 43, 46, 51, 52, 58, 67, 68, 70, 72, 73, 74, 76, 77, 78, 94, 96, 80, 1, 9, 20, 61, 86, 64, 13, 53, 83, 22, 92, 85, 84, 40, 100, 5, 38, 33, 66, 56, 36, 6, 65, 34]
x_98: [1, 2, 7, 10, 13, 14, 16, 20, 23, 28, 29, 38, 43, 49, 51, 55, 58, 60, 64, 69, 73, 83, 84, 89, 92, 94, 96, 34, 50, 87, 57, 85, 93, 22, 6, 12, 75, 27, 41, 67, 40, 54]
x_99: [2, 3, 7, 10, 13, 14, 25, 26, 27, 34, 37, 38, 39, 40, 41, 43, 46, 51, 52, 58, 60, 63, 71, 72, 74, 76, 78, 80, 81, 85, 88, 89, 92, 96, 90, 42, 17, 45, 31, 67, 56]
x_100: [2, 3, 6, 7, 8, 9, 11, 14, 17, 20, 26, 27, 28, 30, 37, 38, 40, 41, 43, 45, 52, 67, 69, 70, 71, 72, 73, 76, 78, 82, 86, 88, 89, 90, 92, 93, 94, 96, 97, 5, 84, 57, 4, 22, 36, 79, 55, 81, 64, 50, 85, 15, 49, 56, 54, 74, 63, 77, 75, 66, 87, 12, 44, 23, 31, 10, 51, 33, 1, 34, 24, 80]