50
1 4 5 1 9 2 5 9 6 9 10 9 5 9 7 9 9 7 10 10 5 8 5 3 9 8 10 3 9 3 5 1 7 10 1 6 7 7 5 1 2 2 1 7 5 8 5 6 8 6
x_1: [37, 49, 5, 17, 8, 32, 29, 31, 2, 6, 10, 15, 16, 18, 23, 24, 26, 30, 39, 41, 47, 50]
x_2: [25, 14, 7, 32, 28, 39, 49, 50, 1, 45, 29, 18, 47, 15, 38, 21, 42, 35, 44, 34, 36, 23, 3, 4, 6, 8, 10, 11, 16, 17, 26, 33, 41, 46, 48]
x_3: [30, 19, 2, 27, 36, 42, 7, 12, 41, 47, 8, 48, 22, 46, 33, 28, 43, 13, 20, 38, 32, 26, 31, 16, 24, 45, 50, 44, 6, 29, 4, 9, 10, 11, 15, 17, 21, 37, 39]
x_4: [34, 26, 24, 32, 47, 2, 31, 3, 20, 46, 40, 5, 10, 22, 23, 25, 36, 41, 42, 43, 44, 48]
x_5: [1, 38, 26, 42, 11, 33, 15, 50, 13, 35, 36, 23, 37, 30, 18, 43, 39, 47, 25, 48, 9, 34, 14, 28, 4, 31, 24, 6, 7, 10, 12, 16, 19, 22, 29, 32, 46, 49]
x_6: [3, 13, 33, 27, 32, 23, 1, 35, 40, 22, 30, 39, 2, 15, 41, 12, 36, 38, 17, 44, 5, 29, 49, 18, 16, 24, 25, 26, 34, 43, 47]
x_7: [2, 3, 8, 40, 12, 23, 19, 5, 11, 17, 34, 43, 18, 42, 46, 30, 45, 15, 16, 20, 26, 29, 33, 36, 38, 44, 48]
x_8: [1, 3, 7, 32, 31, 2, 20, 25, 22, 27, 13, 17, 47, 33, 14, 39, 28, 15, 26, 12, 16, 29, 30, 36, 37, 41, 45, 48]
x_9: [5, 3, 47, 11, 29, 46, 33, 44, 28, 35, 15, 10, 12, 14, 20, 23, 26, 36, 40, 41, 48]
x_10: [45, 34, 29, 15, 42, 2, 26, 44, 37, 21, 43, 41, 28, 4, 48, 20, 9, 14, 5, 11, 27, 17, 1, 36, 3, 38, 30, 50, 46, 18, 25, 32, 33, 39, 47]
x_11: [5, 7, 9, 10, 33, 3, 25, 13, 23, 14, 37, 44, 28, 38, 32, 43, 19, 2, 21, 40, 26, 22, 18, 36, 12, 15, 31, 34, 35, 39, 46, 48]
x_12: [3, 6, 7, 32, 50, 35, 16, 5, 47, 9, 11, 14, 18, 49, 22, 39, 33, 17, 24, 8, 19, 46, 38, 36, 21, 25, 28, 34, 43, 48]
x_13: [3, 5, 6, 8, 11, 27, 25, 15, 17, 26, 28, 31, 35, 39, 41, 43, 46, 50]
x_14: [2, 5, 8, 10, 11, 12, 9, 22, 40, 38, 25, 37, 36, 15, 16, 17, 20, 26, 28, 29, 30, 34, 39, 43, 46, 49]
x_15: [2, 5, 6, 8, 9, 10, 14, 18, 24, 19, 37, 35, 30, 7, 3, 1, 40, 43, 27, 13, 16, 38, 11, 29, 44, 48, 28, 25, 17, 34, 36, 50]
x_16: [3, 6, 12, 15, 17, 46, 31, 21, 7, 14, 42, 2, 1, 19, 47, 39, 29, 26, 5, 30, 8, 40, 50, 35, 45, 43, 23, 22, 24, 34, 36, 38, 48]
x_17: [1, 6, 7, 8, 10, 12, 16, 14, 20, 13, 24, 18, 49, 29, 42, 37, 22, 15, 25, 3, 21, 38, 35, 40, 39, 2, 23, 26, 28, 32, 33, 34, 36, 43, 44, 45, 48, 50]
x_18: [2, 5, 6, 7, 11, 12, 15, 17, 26, 36, 47, 41, 1, 19, 49, 23, 32, 31, 10, 24, 28, 30, 33, 34, 35, 37, 42, 43, 44, 48]
x_19: [3, 7, 11, 12, 15, 16, 18, 33, 50, 21, 5, 43, 20, 26, 28, 29, 38, 39, 46]
x_20: [3, 4, 8, 10, 17, 50, 21, 7, 46, 33, 39, 19, 9, 14, 22, 25, 28, 30, 31, 34, 36, 44, 45, 47, 48]
x_21: [2, 10, 11, 12, 16, 17, 19, 20, 35, 47, 3, 50, 40, 44, 36, 48, 45, 24, 26, 30, 39, 46]
x_22: [3, 6, 8, 11, 12, 14, 17, 20, 28, 35, 4, 46, 43, 16, 50, 5, 44, 29, 23, 24, 30, 31, 34, 37, 39, 42, 48]
x_23: [2, 5, 6, 7, 11, 16, 18, 36, 17, 35, 29, 30, 1, 26, 22, 32, 42, 27, 37, 4, 45, 38, 9, 25, 33, 34, 43, 46, 47, 50]
x_24: [3, 4, 5, 12, 15, 17, 26, 40, 6, 32, 1, 34, 21, 33, 42, 29, 44, 41, 47, 16, 31, 46, 27, 22, 36, 18, 49, 25, 30, 48, 50]
x_25: [2, 5, 8, 11, 13, 14, 15, 17, 24, 33, 50, 20, 45, 36, 48, 30, 39, 6, 37, 12, 10, 28, 47, 49, 4, 32, 44, 26, 46, 41, 23, 35, 29, 31, 38, 40, 42]
x_26: [3, 4, 5, 8, 10, 11, 16, 18, 23, 24, 25, 34, 6, 17, 41, 7, 48, 9, 50, 40, 43, 44, 45, 29, 28, 21, 32, 14, 39, 35, 27, 19, 36, 1, 13, 38, 2, 30, 31, 46]
x_27: [3, 6, 8, 10, 13, 15, 23, 24, 26, 41, 39, 29, 31, 32, 43, 46, 47, 48, 50]
x_28: [2, 3, 5, 8, 9, 10, 11, 15, 22, 25, 26, 17, 14, 12, 19, 35, 13, 18, 20, 38, 49, 44, 29, 30, 31, 33, 41, 43, 45, 50]
x_29: [1, 2, 3, 6, 9, 10, 15, 16, 17, 22, 23, 24, 26, 28, 32, 27, 8, 50, 14, 37, 25, 19, 7, 48, 35, 44, 49, 47, 42, 5, 30, 31, 33, 36, 38, 39, 46]
x_30: [3, 5, 6, 7, 10, 15, 16, 23, 25, 24, 37, 20, 28, 33, 44, 49, 34, 21, 1, 8, 29, 46, 35, 26, 22, 47, 32, 42, 14, 36, 18, 41, 31, 40, 48, 50]
x_31: [1, 3, 4, 5, 8, 16, 18, 24, 47, 48, 33, 13, 30, 39, 34, 27, 46, 20, 45, 11, 29, 40, 43, 44, 25, 38, 28, 26, 22, 32, 41, 42, 50]
x_32: [1, 2, 3, 4, 6, 8, 11, 12, 18, 23, 24, 25, 26, 29, 30, 31, 41, 27, 47, 10, 50, 5, 39, 17, 46, 33, 36, 37, 38]
x_33: [3, 5, 6, 8, 9, 11, 12, 19, 20, 24, 25, 30, 31, 44, 35, 10, 17, 32, 18, 7, 48, 38, 28, 23, 43, 29, 2, 46, 34, 45, 47, 49, 50]
x_34: [2, 4, 5, 7, 10, 24, 26, 30, 31, 6, 41, 45, 18, 39, 20, 14, 16, 22, 43, 33, 36, 48, 11, 42, 46, 23, 40, 15, 12, 17, 37, 44, 47, 49]
x_35: [2, 5, 6, 9, 12, 15, 16, 17, 21, 22, 23, 25, 26, 28, 29, 30, 33, 40, 46, 43, 49, 18, 13, 41, 47, 11, 44, 48, 50]
x_36: [2, 3, 5, 6, 10, 11, 12, 14, 18, 21, 23, 24, 25, 26, 30, 34, 29, 38, 47, 39, 17, 9, 50, 46, 20, 49, 16, 8, 44, 7, 15, 32, 4, 43]
x_37: [1, 5, 10, 11, 14, 15, 17, 23, 25, 29, 30, 44, 3, 32, 46, 34, 47, 40, 22, 43, 18, 8, 45, 48, 49]
x_38: [2, 3, 5, 6, 10, 11, 12, 14, 15, 17, 23, 26, 28, 31, 33, 36, 7, 32, 29, 25, 49, 16, 19, 39, 42, 46, 47, 50]
x_39: [2, 5, 6, 8, 12, 16, 17, 20, 25, 26, 27, 31, 32, 34, 36, 38, 14, 29, 46, 22, 3, 1, 21, 19, 13, 11, 49, 42, 10, 43, 48, 50]
x_40: [4, 6, 7, 11, 14, 15, 16, 17, 21, 24, 26, 31, 34, 35, 37, 43, 25, 9, 30, 42, 48, 50]
x_41: [3, 6, 10, 18, 24, 25, 26, 27, 30, 31, 32, 34, 35, 1, 4, 9, 50, 8, 28, 13, 2, 48, 44, 42, 43, 49]
x_42: [2, 3, 5, 7, 10, 16, 17, 23, 24, 29, 30, 31, 34, 39, 40, 43, 25, 22, 41, 18, 4, 38, 46, 48, 49]
x_43: [3, 5, 7, 10, 11, 15, 16, 19, 22, 26, 31, 33, 34, 35, 37, 40, 42, 12, 23, 28, 39, 45, 36, 41, 4, 27, 13, 46, 18, 48, 47, 49, 17, 14, 6, 44]
x_44: [2, 3, 6, 9, 10, 11, 15, 21, 22, 24, 25, 26, 28, 29, 30, 31, 33, 36, 37, 41, 7, 35, 43, 49, 46, 48, 34, 18, 17, 20, 4, 47, 45, 50]
x_45: [2, 3, 7, 10, 16, 21, 23, 25, 26, 31, 34, 37, 43, 17, 8, 44, 20, 28, 33, 46, 48]
x_46: [3, 4, 7, 9, 10, 12, 16, 20, 22, 24, 25, 30, 31, 32, 33, 34, 35, 36, 37, 39, 43, 44, 14, 26, 38, 42, 29, 47, 45, 2, 19, 48, 11, 13, 21, 27, 23, 5, 50]
x_47: [2, 3, 4, 5, 8, 9, 12, 16, 18, 21, 24, 25, 29, 30, 31, 32, 35, 36, 37, 43, 44, 46, 27, 20, 23, 48, 34, 33, 1, 10, 6, 38, 50]
x_48: [3, 5, 10, 15, 21, 25, 26, 29, 31, 33, 34, 41, 43, 44, 46, 47, 17, 16, 45, 37, 22, 24, 42, 20, 30, 39, 35, 11, 2, 9, 8, 12, 50, 27, 40, 4, 7, 18]
x_49: [1, 2, 6, 12, 17, 18, 24, 25, 28, 29, 30, 35, 36, 38, 39, 43, 44, 5, 41, 37, 34, 42, 14, 33]
x_50: [2, 3, 5, 10, 12, 16, 19, 20, 21, 22, 25, 26, 29, 32, 36, 41, 48, 24, 46, 15, 13, 39, 28, 44, 35, 31, 47, 17, 27, 1, 33, 40, 38, 23, 30]