50
30
8 9 6 6 7 2 4 10 3 4 10 5 10 7 10 8 6 1 8 1 2 10 10 7 10 6 6 2 7 4 9 8 10 10 9 9 8 10 10 8 10 8 3 5 9 5 10 7 10 9
0 0 1 0 1 1 1 1 0 0 1 0 1 1 0 1 1 0 0 1 0 0 0 0 1 0 1 0 0 1 1 0 1 0 0 1 1 0 1 0 0 1 0 1 1 0 1 1 1 1
0 1 0 1 1 0 1 1 0 1 0 0 1 1 1 0 1 0 1 1 0 0 0 0 0 0 1 1 1 1 1 0 1 0 0 1 0 1 1 0 1 1 1 1 1 0 1 1 0 0
0 0 0 1 0 0 0 0 1 0 1 0 1 0 0 1 1 0 0 0 1 0 1 1 1 1 1 1 0 0 1 1 1 1 0 1 0 1 0 1 0 0 0 1 0 0 0 1 1 0
1 0 0 1 1 1 0 1 0 0 0 1 0 0 1 1 0 1 1 0 0 0 0 1 0 0 1 0 1 0 0 1 0 1 0 1 1 1 0 1 1 1 0 0 0 1 0 1 1 0
1 0 1 1 1 0 0 0 0 0 0 0 0 1 1 1 1 1 1 0 1 0 1 0 0 1 0 1 0 1 0 0 1 0 1 0 0 0 1 1 1 0 1 1 0 0 1 0 0 0
1 0 0 0 0 1 0 0 1 0 0 0 0 1 1 1 1 1 1 0 0 1 0 0 0 1 1 1 1 1 1 0 0 1 1 0 1 0 1 1 1 0 0 1 0 0 1 0 1 0
1 0 1 0 1 1 0 1 0 1 1 0 1 0 0 0 0 0 0 1 0 1 0 0 0 0 1 1 1 1 0 0 1 0 0 0 0 0 1 1 0 1 0 0 0 0 1 0 0 1
1 0 0 0 1 0 1 1 1 1 1 0 1 1 0 1 1 0 1 0 0 1 0 0 0 1 1 1 1 0 0 0 1 0 0 1 1 0 0 1 1 1 0 1 1 1 0 0 0 1
0 0 1 1 1 1 0 1 0 0 1 0 0 1 1 0 0 1 1 1 1 0 0 0 1 0 1 0 0 0 1 0 1 1 1 0 1 1 0 1 0 0 1 1 0 1 1 0 1 0
0 1 0 0 0 1 0 0 1 0 0 1 1 1 1 0 1 1 1 0 0 1 0 1 0 0 0 0 1 0 0 1 1 1 1 1 0 0 1 1 1 1 1 1 1 0 1 1 0 0
1 0 1 1 1 0 1 0 1 0 1 1 1 1 0 1 0 1 0 1 0 1 1 0 0 0 1 1 1 1 0 1 1 1 0 1 0 1 0 1 0 1 0 1 0 0 0 0 1 1
1 0 0 0 1 1 0 0 1 1 0 0 1 1 1 0 1 1 0 1 1 1 0 1 0 0 1 1 1 0 1 0 0 0 1 0 1 1 0 0 0 1 1 1 1 0 0 0 1 0
0 0 1 1 1 0 0 0 0 0 0 0 1 1 1 1 0 0 0 0 1 0 1 1 1 0 0 0 1 1 1 0 1 1 1 1 0 0 0 0 0 0 1 1 1 1 0 1 0 0
0 0 1 0 0 1 1 0 0 1 1 0 0 0 0 0 1 0 1 0 0 0 1 0 1 0 1 1 1 1 1 0 0 0 0 1 1 0 1 1 0 1 0 1 0 1 0 0 0 0
0 1 0 0 0 1 1 0 1 0 0 0 1 0 1 1 0 1 0 1 1 0 1 0 1 0 1 1 0 1 1 0 1 0 1 0 0 1 1 1 1 0 0 1 0 1 0 0 1 1
1 0 1 1 0 0 0 1 1 1 1 1 1 1 1 0 0 0 1 1 1 0 1 1 1 1 1 1 0 0 0 0 1 1 0 1 1 1 1 1 1 1 0 0 0 1 0 0 0 0
1 0 0 1 0 0 1 0 0 0 0 0 1 0 1 1 1 0 0 1 0 1 1 1 0 1 0 1 1 0 0 1 1 0 1 1 0 1 1 0 0 1 0 0 1 1 1 1 1 1
1 1 0 1 0 0 1 0 1 0 1 1 1 1 0 0 0 0 1 1 1 1 1 1 1 1 1 0 1 1 0 1 0 0 0 1 1 0 1 1 1 1 1 1 1 1 1 0 1 1
1 0 0 0 0 0 0 0 0 1 0 1 0 1 0 0 0 1 0 0 1 1 0 0 1 0 1 1 0 1 0 0 0 1 0 1 1 1 1 0 1 0 0 1 0 0 1 1 1 1
0 1 1 0 0 1 1 0 1 1 0 0 1 1 0 1 0 0 1 0 1 0 0 1 1 1 1 1 1 1 0 1 1 1 0 1 0 0 1 0 0 1 0 0 1 1 1 1 0 0
0 1 0 0 0 0 0 0 0 1 1 1 0 0 1 0 0 0 1 1 1 1 0 0 1 1 0 0 1 0 0 1 0 0 0 1 1 0 1 0 1 0 0 0 1 1 0 0 1 1
0 1 0 1 0 1 1 0 1 1 1 1 0 1 0 0 0 0 0 0 1 1 0 1 1 1 1 0 1 0 1 0 1 0 1 1 0 0 0 0 0 1 1 1 1 0 0 1 1 1
0 0 1 1 0 0 0 1 0 1 0 1 1 1 1 1 1 1 0 0 1 0 0 0 0 0 1 1 1 1 0 0 0 1 0 0 0 1 1 1 1 0 1 1 1 1 1 1 1 0
0 0 1 0 0 1 1 0 0 1 0 1 0 1 0 0 0 1 1 0 1 1 1 1 0 1 1 1 0 1 1 0 0 0 1 1 0 0 0 0 1 1 1 0 0 0 1 0 1 1
0 1 0 0 1 0 0 1 0 0 0 0 1 0 0 1 0 0 0 0 0 1 1 0 0 1 0 0 1 0 0 0 0 1 1 1 1 0 0 1 1 1 0 1 1 0 1 1 1 0
1 1 0 0 1 1 0 1 1 1 1 1 1 1 0 0 0 1 0 0 0 0 1 0 0 1 1 0 0 0 0 0 0 1 1 1 0 0 0 0 1 0 1 0 1 1 0 0 1 0
1 1 1 0 1 0 1 0 1 0 1 1 1 0 0 1 0 0 0 0 1 0 0 1 0 0 1 0 1 0 0 0 1 1 0 1 0 0 0 1 1 1 1 1 1 0 0 0 0 1
0 1 0 1 1 0 0 0 0 1 1 0 0 0 1 1 0 0 1 0 1 0 1 0 0 0 1 1 0 0 1 0 1 1 1 1 1 1 0 1 0 1 1 1 0 1 0 1 1 1
0 0 0 0 0 1 1 1 0 1 0 1 0 1 1 0 0 1 1 0 0 0 0 1 1 1 1 1 1 1 0 0 0 1 1 1 0 0 0 1 1 0 0 1 1 0 0 0 1 1
0 1 0 0 1 1 1 0 0 1 1 0 0 1 1 0 0 1 0 0 0 0 0 0 1 1 0 0 1 1 1 1 0 0 0 1 0 0 1 0 0 0 0 0 0 0 0 1 1 0