100
70
10 10 8 8 5 1 9 8 4 2 5 3 8 4 5 3 9 5 7 1 4 10 10 8 1 5 5 9 5 2 7 1 10 9 1 4 8 4 7 6 5 8 10 9 5 5 10 3 7 7 8 9 4 4 7 10 8 2 7 1 1 4 6 4 2 1 8 4 1 3 6 1 9 5 4 4 7 9 2 10 3 5 1 3 1 1 10 9 4 3 6 3 3 7 10 1 1 10 6 9
0 0 1 0 1 1 1 1 0 0 1 0 1 1 0 1 1 0 0 1 0 0 0 0 1 0 1 0 0 1 1 0 1 0 0 1 1 0 1 0 0 1 0 1 1 0 1 1 1 1 0 1 0 1 1 0 1 1 0 1 0 0 1 1 1 0 1 0 1 1 0 0 0 0 0 0 1 1 1 1 1 0 1 0 0 1 0 1 1 0 1 1 1 1 1 0 1 1 0 0
0 0 0 1 0 0 0 0 1 0 1 0 1 0 0 1 1 0 0 0 1 0 1 1 1 1 1 1 0 0 1 1 1 1 0 1 0 1 0 1 0 0 0 1 0 0 0 1 1 0 1 0 0 1 1 1 0 1 0 0 0 1 0 0 1 1 0 1 1 0 0 0 0 1 0 0 1 0 1 0 0 1 0 1 0 1 1 1 0 1 1 1 0 0 0 1 0 1 1 0
1 0 1 1 1 0 0 0 0 0 0 0 0 1 1 1 1 1 1 0 1 0 1 0 0 1 0 1 0 1 0 0 1 0 1 0 0 0 1 1 1 0 1 1 0 0 1 0 0 0 1 0 0 0 0 1 0 0 1 0 0 0 0 1 1 1 1 1 1 0 0 1 0 0 0 1 1 1 1 1 1 0 0 1 1 0 1 0 1 1 1 0 0 1 0 0 1 0 1 0
1 0 1 0 1 1 0 1 0 1 1 0 1 0 0 0 0 0 0 1 0 1 0 0 0 0 1 1 1 1 0 0 1 0 0 0 0 0 1 1 0 1 0 0 0 0 1 0 0 1 1 0 0 0 1 0 1 1 1 1 1 0 1 1 0 1 1 0 1 0 0 1 0 0 0 1 1 1 1 0 0 0 1 0 0 1 1 0 0 1 1 1 0 1 1 1 0 0 0 1
0 0 1 1 1 1 0 1 0 0 1 0 0 1 1 0 0 1 1 1 1 0 0 0 1 0 1 0 0 0 1 0 1 1 1 0 1 1 0 1 0 0 1 1 0 1 1 0 1 0 0 1 0 0 0 1 0 0 1 0 0 1 1 1 1 0 1 1 1 0 0 1 0 1 0 0 0 0 1 0 0 1 1 1 1 1 0 0 1 1 1 1 1 1 1 0 1 1 0 0
1 0 1 1 1 0 1 0 1 0 1 1 1 1 0 1 0 1 0 1 0 1 1 0 0 0 1 1 1 1 0 1 1 1 0 1 0 1 0 1 0 1 0 1 0 0 0 0 1 1 1 0 0 0 1 1 0 0 1 1 0 0 1 1 1 0 1 1 0 1 1 1 0 1 0 0 1 1 1 0 1 0 0 0 1 0 1 1 0 0 0 1 1 1 1 0 0 0 1 0
0 0 1 1 1 0 0 0 0 0 0 0 1 1 1 1 0 0 0 0 1 0 1 1 1 0 0 0 1 1 1 0 1 1 1 1 0 0 0 0 0 0 1 1 1 1 0 1 0 0 0 0 1 0 0 1 1 0 0 1 1 0 0 0 0 0 1 0 1 0 0 0 1 0 1 0 1 1 1 1 1 0 0 0 0 1 1 0 1 1 0 1 0 1 0 1 0 0 0 0
0 1 0 0 0 1 1 0 1 0 0 0 1 0 1 1 0 1 0 1 1 0 1 0 1 0 1 1 0 1 1 0 1 0 1 0 0 1 1 1 1 0 0 1 0 1 0 0 1 1 1 0 1 1 0 0 0 1 1 1 1 1 1 1 1 0 0 0 1 1 1 0 1 1 1 1 1 1 0 0 0 0 1 1 0 1 1 1 1 1 1 1 0 0 0 1 0 0 0 0
1 0 0 1 0 0 1 0 0 0 0 0 1 0 1 1 1 0 0 1 0 1 1 1 0 1 0 1 1 0 0 1 1 0 1 1 0 1 1 0 0 1 0 0 1 1 1 1 1 1 1 1 0 1 0 0 1 0 1 0 1 1 1 1 0 0 0 0 1 1 1 1 1 1 1 1 1 0 1 1 0 1 0 0 0 1 1 0 1 1 1 1 1 1 1 1 1 0 1 1
1 0 0 0 0 0 0 0 0 1 0 1 0 1 0 0 0 1 0 0 1 1 0 0 1 0 1 1 0 1 0 0 0 1 0 1 1 1 1 0 1 0 0 1 0 0 1 1 1 1 0 1 1 0 0 1 1 0 1 1 0 0 1 1 0 1 0 0 1 0 1 0 0 1 1 1 1 1 1 1 0 1 1 1 0 1 0 0 1 0 0 1 0 0 1 1 1 1 0 0
0 1 0 0 0 0 0 0 0 1 1 1 0 0 1 0 0 0 1 1 1 1 0 0 1 1 0 0 1 0 0 1 0 0 0 1 1 0 1 0 1 0 0 0 1 1 0 0 1 1 0 1 0 1 0 1 1 0 1 1 1 1 0 1 0 0 0 0 0 0 1 1 0 1 1 1 1 0 1 0 1 0 1 0 1 1 0 0 0 0 0 1 1 1 1 0 0 1 1 1
0 0 1 1 0 0 0 1 0 1 0 1 1 1 1 1 1 1 0 0 1 0 0 0 0 0 1 1 1 1 0 0 0 1 0 0 0 1 1 1 1 0 1 1 1 1 1 1 1 0 0 0 1 0 0 1 1 0 0 1 0 1 0 1 0 0 0 1 1 0 1 1 1 1 0 1 1 1 0 1 1 0 0 0 1 1 0 0 0 0 1 1 1 0 0 0 1 0 1 1
0 1 0 0 1 0 0 1 0 0 0 0 1 0 0 1 0 0 0 0 0 1 1 0 0 1 0 0 1 0 0 0 0 1 1 1 1 0 0 1 1 1 0 1 1 0 1 1 1 0 1 1 0 0 1 1 0 1 1 1 1 1 1 1 0 0 0 1 0 0 0 0 1 0 0 1 1 0 0 0 0 0 0 1 1 1 0 0 0 0 1 0 1 0 1 1 0 0 1 0
1 1 1 0 1 0 1 0 1 0 1 1 1 0 0 1 0 0 0 0 1 0 0 1 0 0 1 0 1 0 0 0 1 1 0 1 0 0 0 1 1 1 1 1 1 0 0 0 0 1 0 1 0 1 1 0 0 0 0 1 1 0 0 0 1 1 0 0 1 0 1 0 1 0 0 0 1 1 0 0 1 0 1 1 1 1 1 1 0 1 0 1 1 1 0 1 0 1 1 1
0 0 0 0 0 1 1 1 0 1 0 1 0 1 1 0 0 1 1 0 0 0 0 1 1 1 1 1 1 1 0 0 0 1 1 1 0 0 0 1 1 0 0 1 1 0 0 0 1 1 0 1 0 0 1 1 1 0 0 1 1 0 0 1 1 0 0 1 0 0 0 0 0 0 1 1 0 0 1 1 1 1 0 0 0 1 0 0 1 0 0 0 0 0 0 0 0 1 1 0
1 1 1 1 0 0 0 0 1 1 1 1 0 1 0 0 1 1 1 0 1 0 1 1 1 1 0 1 1 1 1 1 1 0 0 1 1 1 0 1 0 1 1 0 1 1 0 0 1 0 1 0 1 1 0 1 1 1 0 0 0 1 0 0 0 1 1 1 0 0 0 1 1 1 1 1 1 0 0 1 0 0 0 0 0 1 1 0 0 1 1 0 1 1 1 0 0 0 1 1
1 1 1 0 1 1 1 0 1 0 1 0 0 1 1 1 0 0 0 0 0 1 0 0 0 0 0 1 0 0 0 0 0 1 1 0 0 0 1 0 1 1 1 0 0 0 1 0 0 1 0 1 1 1 0 0 0 0 0 0 0 0 1 0 0 1 0 0 1 0 0 0 1 1 0 0 1 0 0 0 0 0 0 0 0 0 0 1 1 1 0 0 1 0 1 1 1 1 1 1
0 1 0 1 1 0 0 0 0 1 1 1 1 1 1 1 1 1 1 1 1 0 1 0 1 0 1 0 0 0 1 0 0 0 0 1 0 1 1 0 1 1 1 0 1 0 1 1 0 0 1 0 0 1 0 0 0 1 1 1 1 1 0 0 1 0 1 0 0 0 1 1 1 0 1 0 0 1 0 0 0 0 0 1 1 0 0 0 0 1 1 1 1 0 1 0 1 0 1 0
0 0 0 0 0 0 1 1 0 0 1 0 0 0 0 1 0 1 0 0 0 1 1 0 0 1 1 1 0 1 0 1 1 1 0 1 1 1 0 1 0 1 0 0 1 0 1 1 1 1 1 1 0 1 0 1 0 0 1 1 0 1 1 1 1 1 0 1 0 1 0 1 1 0 1 1 0 1 0 0 0 0 0 0 1 1 1 0 1 1 0 1 1 0 1 0 1 1 1 0
1 0 1 1 0 0 0 1 0 1 1 0 1 1 0 0 0 1 0 0 1 1 0 1 1 0 0 1 0 0 1 0 1 1 1 1 0 1 0 1 0 0 1 0 1 1 0 1 1 1 1 0 0 0 0 0 1 0 1 1 0 1 1 0 0 1 1 1 1 1 0 1 0 0 0 0 0 1 1 1 1 0 1 0 1 1 1 1 1 0 0 1 1 1 0 1 0 1 0 0
0 0 1 0 0 0 1 0 1 0 1 1 1 1 0 1 1 1 1 1 1 1 1 0 0 1 0 1 0 1 0 0 1 1 1 1 1 1 1 1 1 0 0 0 0 0 0 1 0 1 1 0 1 1 1 1 0 1 0 1 1 1 0 0 1 1 0 0 0 1 1 0 1 0 1 0 1 0 1 0 0 0 1 0 1 1 1 1 0 0 0 0 0 0 0 1 0 1 0 1
1 0 0 1 0 0 0 1 1 0 0 0 1 0 0 1 0 1 1 0 1 1 0 1 0 0 0 0 1 0 1 0 0 0 0 1 1 0 1 1 1 0 1 1 1 1 1 1 1 0 0 0 0 0 0 0 0 1 1 1 0 0 0 0 0 1 1 1 0 0 1 1 1 0 1 0 1 0 1 0 0 0 1 0 0 1 0 0 1 0 1 0 1 0 1 0 1 0 0 1
1 0 1 1 1 1 0 0 0 1 0 0 1 0 0 0 0 0 1 0 0 1 1 0 1 1 1 0 0 1 1 1 0 1 1 1 1 0 1 0 1 1 1 0 1 1 1 1 1 0 1 0 0 0 1 0 1 1 1 1 0 0 0 1 0 1 1 1 1 0 0 0 1 0 1 1 0 1 0 1 0 0 1 1 0 1 1 0 0 0 0 0 0 0 1 0 0 0 0 0
0 1 1 1 0 1 0 0 1 0 0 1 1 1 1 1 0 0 0 0 1 1 1 1 0 0 0 0 0 1 0 1 1 0 0 1 0 1 0 1 0 1 1 1 1 0 0 1 0 1 1 0 0 0 1 0 1 1 0 1 0 0 0 1 0 0 1 1 1 1 1 0 1 0 1 0 0 1 1 1 0 0 1 1 1 1 0 1 0 1 0 0 1 1 1 0 1 0 0 1
1 0 1 0 1 1 0 0 1 0 1 0 0 0 1 0 1 0 1 0 0 0 0 1 1 1 0 1 1 1 0 1 0 1 0 0 0 1 1 1 1 0 1 1 0 0 0 0 0 1 1 0 0 0 0 1 1 0 0 0 1 0 1 0 1 0 1 1 1 0 0 0 0 0 1 1 0 0 1 1 0 0 0 0 1 0 1 1 1 1 1 1 0 0 0 1 0 0 0 1
1 1 0 0 0 0 0 0 0 0 1 0 0 1 0 0 0 0 0 0 0 1 0 1 0 1 0 1 1 1 1 1 1 1 0 0 1 1 0 0 0 0 1 0 0 1 1 0 1 1 0 0 0 1 1 1 0 0 0 1 1 1 0 1 0 0 0 0 0 1 0 0 1 1 0 0 0 0 1 1 0 0 1 0 1 0 0 0 1 1 1 1 1 0 1 1 1 1 1 0
1 0 0 1 0 0 1 1 0 1 0 0 1 1 0 1 0 1 1 0 0 1 1 1 0 1 1 0 1 0 1 1 0 0 1 0 0 1 0 0 1 1 1 1 1 0 1 0 0 0 0 1 0 1 1 0 1 1 0 1 1 0 0 1 0 0 1 0 1 0 0 0 0 1 0 0 1 0 1 0 0 1 0 1 1 0 0 1 1 1 1 1 1 1 0 0 1 1 0 1
0 0 1 1 1 1 1 1 1 1 1 0 1 0 1 0 0 1 1 0 1 1 1 0 0 1 0 0 0 0 1 0 0 0 0 1 1 0 0 1 0 1 0 1 1 0 1 1 1 1 1 0 0 1 1 1 1 1 1 0 0 0 1 1 1 0 1 0 0 0 0 1 0 1 0 0 1 0 0 1 1 1 1 0 0 0 1 0 0 0 1 1 1 1 1 1 1 0 0 0
1 0 0 0 0 0 0 1 0 1 1 1 1 1 0 1 1 0 0 1 0 0 1 0 1 1 0 1 1 0 1 1 0 1 0 1 1 0 0 0 1 1 0 1 0 0 1 1 0 1 1 1 0 1 1 0 1 0 1 1 0 0 1 1 1 1 0 1 0 1 1 1 0 1 0 0 0 1 0 1 0 0 0 0 0 0 0 0 0 0 1 1 0 1 0 0 1 0 0 1
0 1 1 0 1 0 0 0 1 0 1 0 0 0 1 1 1 1 1 0 0 1 0 0 1 1 0 1 0 1 0 1 1 0 1 0 0 0 0 1 1 0 1 1 1 1 0 1 0 1 1 0 0 0 0 1 1 1 0 1 0 1 1 0 1 0 0 0 1 1 0 0 1 0 0 0 1 1 1 1 1 0 0 0 1 1 0 1 0 0 0 1 0 0 1 1 1 0 0 0
1 1 1 1 1 1 1 1 1 0 1 0 1 1 1 0 0 0 0 0 1 1 1 1 0 0 1 0 0 1 1 1 0 1 0 1 0 1 0 1 1 0 1 1 1 0 1 1 1 0 1 0 1 1 1 1 1 0 1 1 1 0 1 1 1 1 0 1 0 0 0 1 0 1 0 1 0 1 0 0 1 0 1 1 0 0 0 1 0 1 0 0 1 0 1 1 0 0 0 1
1 0 1 1 1 0 0 1 1 1 0 0 1 1 0 0 1 0 1 1 0 1 0 1 0 1 0 0 1 1 1 1 0 1 0 1 0 1 0 0 0 1 0 1 0 1 1 0 1 0 0 0 0 1 0 0 1 0 0 1 0 0 1 1 0 0 0 0 1 1 1 0 1 1 0 1 1 0 1 1 1 0 0 0 0 0 1 0 1 0 0 0 0 1 1 1 0 1 1 0
0 0 1 1 1 1 1 1 0 1 1 1 1 0 1 0 1 0 0 1 0 1 0 1 1 0 1 1 0 1 1 1 1 1 1 0 1 1 1 0 0 0 1 1 1 1 0 1 0 1 0 0 0 1 1 0 0 0 0 1 1 1 0 1 1 0 0 0 0 0 0 1 0 0 1 1 0 0 1 0 0 0 0 1 1 0 0 0 0 1 0 1 1 0 0 1 0 0 0 0
0 0 0 1 0 1 0 1 1 0 1 1 0 0 0 1 1 1 0 1 1 1 0 0 0 1 1 0 1 1 1 0 1 0 1 1 0 0 0 1 0 0 0 1 0 1 1 0 1 0 0 1 1 0 1 0 1 1 1 0 0 0 0 1 0 0 1 1 1 1 0 1 1 0 0 0 0 1 0 0 1 0 1 0 0 1 1 0 0 0 1 1 1 0 0 1 0 1 0 0
0 0 1 1 1 0 0 1 0 0 0 1 0 0 1 0 1 0 0 0 1 1 1 0 1 1 0 1 1 0 1 0 1 1 0 0 1 1 1 0 1 0 1 1 0 0 0 0 0 1 1 0 1 1 0 0 0 0 1 1 1 1 0 1 0 1 1 0 0 1 1 0 0 0 1 0 1 0 0 0 0 1 0 1 0 0 0 0 0 0 1 1 1 0 0 0 0 1 1 1
1 0 1 1 1 1 1 1 1 0 1 0 1 0 0 1 0 0 0 1 0 0 0 1 1 0 1 0 0 0 0 1 1 0 0 0 0 1 1 0 1 1 0 0 0 1 0 1 0 1 1 0 0 0 1 1 1 1 1 1 0 0 1 1 1 1 0 1 1 0 0 1 1 0 0 1 0 0 1 0 0 1 0 0 1 0 1 1 0 0 1 1 1 1 0 1 0 0 1 1
0 1 0 0 0 0 0 1 0 0 1 1 0 0 0 0 0 0 0 0 0 1 0 1 1 0 0 1 1 1 0 0 1 0 1 1 1 1 1 1 1 1 0 0 0 1 0 0 0 0 0 1 0 0 1 0 1 1 1 1 0 1 1 0 0 0 1 1 0 1 1 0 1 1 1 0 0 1 0 1 1 1 1 1 0 0 0 1 1 0 1 0 0 1 1 1 0 0 0 0
0 1 1 1 1 0 0 1 1 1 1 1 0 1 0 1 1 1 1 1 1 1 0 0 1 1 1 0 1 0 0 0 1 0 1 0 1 1 0 0 0 0 0 1 1 0 1 1 1 0 1 0 0 1 1 1 1 0 0 0 0 1 1 0 0 1 1 1 0 1 1 0 1 1 0 1 1 0 1 1 0 0 0 0 1 1 1 1 0 1 0 1 0 0 1 1 0 1 0 0
0 1 0 1 0 1 0 1 1 1 0 0 0 1 1 1 1 0 1 1 1 0 0 1 0 1 0 0 1 1 0 1 0 0 1 0 0 1 0 0 1 0 1 1 1 1 1 1 0 0 0 0 1 0 0 0 0 0 1 0 0 1 1 1 1 1 1 1 1 0 0 1 0 1 0 1 0 0 1 1 0 1 0 0 1 1 1 0 0 1 0 0 0 0 0 0 0 1 0 0
1 1 1 1 0 0 1 0 1 0 1 1 1 0 0 0 0 1 0 0 0 0 1 0 1 1 1 0 1 0 0 1 0 0 1 0 0 1 0 0 1 1 1 0 0 0 1 0 0 0 0 0 1 0 0 0 1 0 1 0 0 1 0 1 1 0 1 0 1 0 1 0 0 1 1 0 0 1 1 0 1 1 1 1 0 0 1 0 0 0 1 0 1 1 0 0 0 0 1 0
0 0 1 1 1 1 1 1 1 1 0 0 1 0 0 1 0 1 0 0 0 0 1 0 1 1 1 0 0 0 1 1 0 0 0 1 0 1 1 1 0 0 1 0 0 0 0 0 1 0 1 1 1 0 0 1 1 1 1 1 1 0 0 1 1 1 0 1 1 0 1 1 1 1 0 0 0 1 1 0 1 0 0 0 1 1 1 0 0 1 0 1 0 1 1 0 0 1 0 0
1 0 1 1 0 1 0 1 1 1 0 1 1 0 1 0 1 1 1 0 0 0 0 1 0 0 1 1 0 0 1 0 1 1 0 1 1 1 1 1 0 0 0 0 0 1 1 0 0 0 1 0 0 1 1 1 1 1 1 1 1 1 1 1 1 1 0 0 1 1 1 1 1 0 1 1 1 1 0 1 0 1 0 0 1 0 1 0 1 1 1 1 0 0 1 1 0 1 1 1
1 0 1 1 1 0 1 0 0 1 0 0 1 0 1 1 0 1 0 0 0 1 1 1 1 1 0 1 0 0 0 1 1 1 0 1 1 1 1 1 1 0 1 0 1 0 0 1 0 1 1 0 1 1 1 1 1 0 1 0 0 1 1 1 0 1 0 0 1 0 0 1 0 1 1 0 0 0 1 1 1 1 1 1 1 1 0 0 1 0 1 0 1 1 1 0 0 0 1 1
1 1 1 1 0 1 1 0 0 1 0 0 1 0 1 0 0 0 0 0 0 1 0 1 1 1 0 1 1 1 1 1 1 0 1 1 1 0 1 1 0 1 0 0 0 0 0 1 1 0 0 1 1 0 1 1 0 1 0 0 0 0 1 1 1 0 1 0 0 0 0 0 0 0 0 1 1 1 1 1 0 1 0 1 1 0 1 0 0 1 1 0 1 1 1 0 0 1 1 1
1 1 1 1 1 0 0 1 1 0 0 0 1 0 0 1 0 0 0 1 0 0 1 1 1 0 0 0 1 1 1 1 0 0 1 1 0 0 0 0 1 0 1 0 1 1 0 1 1 0 1 1 0 0 0 1 0 1 1 0 1 1 1 0 0 0 1 0 0 0 0 1 1 0 0 0 0 0 0 0 1 0 0 1 1 0 1 1 1 0 0 0 0 1 1 0 1 0 1 0
1 1 1 0 0 0 1 0 0 1 0 0 0 0 1 0 0 1 1 1 1 0 0 0 1 0 1 0 1 0 1 1 1 1 0 0 0 0 0 0 1 1 0 0 1 0 1 1 0 0 1 0 1 0 0 0 1 0 1 0 0 1 1 1 1 0 0 1 1 1 1 0 1 0 1 1 0 0 1 1 1 0 0 0 1 1 1 0 0 1 0 1 1 0 1 1 0 1 0 1
0 1 1 0 0 1 0 1 0 0 1 0 1 0 1 1 1 0 0 0 0 1 1 1 1 1 0 1 0 1 1 0 0 1 0 1 0 1 1 0 1 0 0 0 1 1 1 1 1 0 1 0 0 1 0 0 0 0 1 0 0 0 1 0 1 1 1 1 0 1 1 0 0 1 0 1 1 0 1 1 1 1 0 1 1 0 1 0 1 1 0 1 1 1 1 0 0 0 0 0
1 1 0 0 1 1 1 0 0 1 1 1 1 1 1 1 0 0 0 1 1 0 1 0 0 1 0 1 1 1 1 1 0 1 0 0 1 0 1 0 0 0 1 0 1 0 0 0 1 0 0 1 0 0 0 1 0 1 1 1 1 0 1 0 0 1 0 0 0 0 1 0 0 1 1 0 1 1 1 0 1 1 0 1 1 0 0 1 0 1 0 1 0 0 0 0 1 1 1 0
0 1 1 1 0 0 0 1 0 1 1 0 0 1 1 1 1 1 1 1 0 0 0 0 0 1 1 0 0 0 0 1 0 0 0 0 0 0 1 1 1 1 1 1 0 0 1 0 0 1 0 0 0 1 1 0 1 0 0 1 0 1 1 0 0 0 0 0 0 1 0 1 1 0 0 0 0 1 0 1 0 1 1 1 1 0 0 0 0 1 0 1 1 0 1 1 1 0 1 1
0 0 0 0 1 0 0 1 1 1 1 0 0 0 1 0 0 1 1 1 0 1 1 1 1 0 1 0 0 0 0 0 1 1 0 1 1 0 1 1 1 1 1 0 0 1 0 0 0 1 1 1 1 1 1 1 1 0 1 1 1 0 0 0 0 0 1 0 1 1 1 0 1 1 0 1 0 0 1 0 1 0 1 0 0 0 1 0 1 0 1 1 0 0 0 1 0 1 0 1
1 0 0 0 1 0 1 1 0 1 1 0 0 0 0 1 1 0 0 0 1 1 0 1 0 0 1 0 1 1 0 0 0 0 1 1 1 1 0 1 0 0 1 0 1 1 0 0 1 1 1 1 1 0 0 0 1 0 0 1 1 1 1 1 0 1 1 0 0 1 1 0 1 1 0 1 0 0 1 1 1 1 1 0 0 1 0 0 0 1 1 0 0 0 0 1 1 1 1 0
1 0 0 0 1 1 0 0 0 0 1 1 1 1 1 0 1 0 1 1 1 1 0 1 0 1 1 0 0 1 1 0 0 1 1 1 0 0 1 1 1 1 0 0 1 1 0 0 1 0 1 1 0 1 0 1 0 1 1 0 0 0 1 0 0 0 1 1 1 1 1 1 1 0 0 1 0 1 1 1 0 0 1 1 0 1 1 1 0 0 0 0 1 1 0 0 0 0 1 1
0 1 0 0 0 0 0 0 1 1 1 0 0 0 1 0 0 0 1 0 1 1 0 1 0 1 1 0 1 0 1 0 1 1 0 1 1 0 1 1 1 1 0 0 1 1 0 0 1 0 0 1 1 1 0 1 1 1 0 1 0 0 0 0 1 1 1 0 0 0 0 0 1 0 0 1 0 1 1 0 1 0 1 0 0 0 0 0 1 1 0 0 0 1 1 1 1 1 0 1
0 1 0 0 0 0 0 0 1 1 0 0 0 1 0 0 1 1 1 0 1 1 0 0 1 0 1 0 1 0 1 1 0 0 1 0 0 0 0 0 0 0 0 1 1 0 0 1 1 0 1 1 1 0 1 0 0 0 0 1 0 0 0 1 0 1 1 0 0 1 0 1 0 0 1 1 1 1 1 1 1 0 1 1 0 1 0 1 0 1 1 1 0 1 1 0 0 1 0 1
0 1 0 1 0 1 0 1 1 0 0 0 1 1 1 1 0 1 0 1 0 1 1 0 0 1 0 0 0 1 0 1 1 1 0 0 1 0 0 1 1 1 1 1 0 1 0 0 1 0 0 1 0 1 0 0 1 1 0 0 1 0 0 0 1 1 1 0 1 1 0 1 0 1 0 1 1 1 0 0 1 0 1 1 0 0 1 0 1 1 1 0 1 0 1 1 1 1 1 0
0 0 0 1 1 0 0 1 0 1 1 1 0 1 0 0 1 1 0 0 0 1 1 0 0 1 0 1 0 1 0 1 1 0 1 1 0 1 0 0 1 1 1 1 0 1 0 1 0 1 0 1 0 0 0 0 0 0 0 1 1 1 1 0 1 1 0 0 0 1 1 0 0 1 1 1 0 0 1 0 0 0 1 0 1 1 1 0 1 0 1 0 1 0 0 1 0 0 0 1
1 0 0 1 0 1 1 1 0 0 1 1 1 1 1 0 1 1 0 1 0 1 0 1 0 0 1 1 0 1 0 1 0 0 0 0 1 0 0 1 0 0 1 0 1 0 1 1 0 1 0 0 0 0 1 0 0 0 1 0 0 0 0 0 0 1 0 1 1 0 1 1 1 0 0 1 0 1 1 0 0 0 1 1 0 0 0 0 0 0 0 1 0 0 1 0 0 0 1 0
1 0 0 0 1 0 0 1 0 1 1 0 1 0 0 0 1 1 0 0 1 1 1 0 0 0 1 1 0 0 1 0 1 1 1 0 1 0 0 0 1 1 0 0 1 0 0 1 1 0 1 0 1 0 1 1 1 0 0 1 1 0 0 1 1 1 0 0 0 1 1 1 0 0 1 1 1 0 1 1 1 1 1 0 0 0 1 1 0 0 0 1 1 1 0 1 1 1 0 0
0 1 1 1 1 0 0 1 0 0 0 1 0 0 1 0 0 0 1 1 0 0 0 1 0 0 1 1 0 1 0 0 0 1 0 0 1 0 1 1 0 0 1 1 1 1 0 1 1 0 1 1 1 0 1 0 1 1 0 1 0 0 1 1 1 1 1 0 1 0 0 0 1 0 1 0 0 0 1 0 1 1 0 0 0 0 1 0 0 0 0 0 0 0 1 1 0 0 0 0
1 1 0 0 1 1 1 0 1 1 1 1 1 1 1 0 1 0 1 1 0 0 1 0 1 0 1 1 0 0 0 0 1 1 0 0 0 1 0 1 0 0 0 1 1 0 0 1 1 0 0 0 1 1 0 1 1 1 1 0 0 0 0 0 1 0 0 1 0 0 1 0 1 1 0 1 0 1 1 0 0 0 1 0 1 1 0 0 1 1 0 1 1 0 1 1 0 0 1 0
0 0 1 1 0 1 1 0 1 1 1 1 1 1 0 0 0 0 0 1 0 1 1 0 0 1 1 0 0 0 0 0 0 1 0 0 1 1 1 0 0 1 1 0 0 0 1 0 0 0 0 1 0 0 0 0 1 1 0 1 1 0 1 1 0 1 0 1 0 1 0 0 1 1 0 1 1 0 0 1 1 1 0 1 1 1 0 0 1 1 1 0 1 1 1 0 1 0 1 1
0 0 0 0 0 1 1 1 0 1 0 1 1 0 1 1 1 1 1 0 0 1 1 0 0 1 1 0 0 0 0 0 0 0 0 0 0 1 1 0 0 1 0 0 0 0 0 0 1 0 1 0 1 1 1 0 1 1 1 1 0 0 0 1 0 1 1 1 1 0 0 0 1 1 1 0 1 1 1 1 0 0 0 0 0 1 1 1 1 1 1 1 1 0 1 1 0 0 1 0
0 0 0 1 1 1 1 0 1 0 0 1 1 0 1 0 0 0 0 1 1 0 1 0 0 0 1 0 1 0 0 0 0 1 0 0 0 1 0 1 0 1 1 0 0 1 0 1 1 0 0 0 0 0 1 0 1 0 0 0 1 0 1 0 0 1 0 0 0 1 1 1 0 0 1 0 0 1 1 0 0 1 0 1 1 1 1 1 1 1 0 0 0 0 1 0 0 0 1 0
1 1 0 0 1 1 1 0 0 1 0 1 1 1 0 0 1 1 0 0 0 0 0 0 0 0 0 1 1 0 1 1 1 0 1 0 0 0 0 0 0 0 1 1 1 1 0 0 1 0 1 1 1 0 1 0 0 1 1 1 0 0 0 1 1 1 1 1 0 0 0 1 0 1 1 0 0 1 0 1 0 1 1 0 1 0 1 1 0 0 0 0 0 0 1 0 1 1 1 1
1 1 1 1 0 0 1 0 1 1 1 0 0 0 1 0 1 0 0 0 0 1 0 1 1 1 0 1 1 0 1 0 1 1 1 0 0 1 0 1 0 0 0 0 1 0 1 1 1 0 0 1 0 0 1 1 0 0 0 0 0 0 0 0 1 0 1 1 1 1 0 1 1 1 0 1 1 0 0 0 0 1 0 0 1 1 0 1 1 0 1 0 0 0 1 1 0 1 1 1
0 1 0 0 0 0 1 0 1 0 0 0 1 0 0 0 0 0 0 0 0 1 0 1 1 1 0 0 0 0 0 0 1 0 0 0 0 0 1 1 1 0 0 0 0 1 0 1 0 0 0 1 0 1 1 0 0 1 1 1 0 1 1 1 1 1 0 0 0 0 1 1 1 1 1 0 0 1 1 0 1 1 1 1 0 0 0 0 1 0 1 1 1 0 1 1 0 0 1 0
1 1 0 1 0 0 0 1 0 1 1 0 0 0 0 1 1 1 0 1 0 0 0 0 0 1 1 1 0 0 0 1 0 0 0 1 0 1 1 0 1 1 0 0 0 1 0 0 0 0 1 0 1 1 0 1 0 0 1 0 0 1 1 1 0 1 0 1 0 1 1 0 0 0 0 0 0 0 1 0 1 0 0 0 1 0 0 0 0 1 0 0 0 1 0 1 1 0 1 0
0 1 1 1 1 1 0 0 0 1 1 0 0 1 0 1 0 0 1 1 1 0 1 1 0 0 0 1 1 0 0 0 1 0 1 0 0 0 1 1 1 0 0 1 0 1 0 0 1 0 0 1 0 0 1 1 0 0 1 1 0 0 0 1 0 0 1 1 0 1 1 1 1 1 0 1 0 0 0 0 1 0 0 1 0 1 0 0 1 0 1 0 1 0 1 1 0 0 1 1
1 1 1 1 1 1 0 1 1 0 0 0 1 1 0 0 1 1 0 0 0 1 0 1 1 1 0 0 1 1 1 1 1 0 0 0 1 0 1 0 1 0 1 0 0 1 0 1 0 0 1 1 0 1 1 1 1 1 1 0 0 0 0 1 0 0 0 0 1 0 0 0 1 1 0 0 1 0 1 0 0 1 0 0 1 0 1 0 0 1 1 1 1 0 0 0 0 1 0 1
0 0 0 0 0 0 1 1 0 1 1 1 1 1 1 0 0 1 1 1 0 0 0 0 1 0 0 1 1 0 0 1 1 0 0 0 0 1 0 0 0 1 1 0 1 0 1 1 1 1 1 0 0 0 0 0 0 0 0 1 1 0 0 1 0 0 0 0 0 1 0 1 0 1 1 1 1 0 1 0 0 1 0 1 1 0 1 1 0 1 1 1 0 1 1 1 1 0 1 1