60
50
7 6 10 6 7 6 10 5 7 10 5 6 10 2 7 4 10 8 6 5 1 2 10 9 1 3 10 4 9 8 5 7 7 10 1 2 7 3 10 4 8 7 8 2 7 3 8 4 5 9 1 5 5 3 5 9 5 8 3 7
0 0 1 0 1 1 1 1 0 0 1 0 1 1 0 1 1 0 0 1 0 0 0 0 1 0 1 0 0 1 1 0 1 0 0 1 1 0 1 0 0 1 0 1 1 0 1 1 1 1 0 1 0 1 1 0 1 1 0 1
0 0 1 1 1 0 1 0 1 1 0 0 0 0 0 0 1 1 1 1 1 0 1 0 0 1 0 1 1 0 1 1 1 1 1 0 1 1 0 0 0 0 0 1 0 0 0 0 1 0 1 0 1 0 0 1 1 0 0 0
1 0 1 1 1 1 1 1 0 0 1 1 1 1 0 1 0 1 0 1 0 0 0 1 0 0 0 1 1 0 1 0 0 1 1 1 0 1 0 0 0 1 0 0 1 1 0 1 1 0 0 0 0 1 0 0 1 0 1 0
0 1 0 1 0 1 1 1 0 1 1 1 0 0 0 1 0 1 1 0 1 0 1 1 1 0 0 0 0 0 0 0 0 1 1 1 1 1 1 0 1 0 1 0 0 1 0 1 0 1 0 0 1 0 1 0 0 0 1 1
1 0 1 1 0 0 1 0 0 0 1 0 0 0 0 1 0 0 1 0 0 0 0 1 1 1 1 1 1 0 0 1 0 0 0 1 1 1 1 1 1 0 0 1 1 0 1 0 1 1 1 0 0 1 0 0 1 0 1 0
1 0 1 0 1 1 0 1 0 1 1 0 1 0 0 0 0 0 0 1 0 1 0 0 0 0 1 1 1 1 0 0 1 0 0 0 0 0 1 1 0 1 0 0 0 0 1 0 0 1 1 0 0 0 1 0 1 1 1 1
1 0 1 1 0 1 1 0 1 0 0 1 0 0 0 1 1 1 1 0 0 0 1 0 0 1 1 0 0 1 1 1 0 1 1 1 0 0 0 1 0 0 1 1 1 1 0 1 0 0 1 0 0 1 1 0 0 1 1 1
1 0 0 0 1 0 1 0 0 0 1 0 1 1 1 0 1 1 0 1 0 0 1 1 0 1 1 0 1 0 0 1 0 0 0 1 0 0 1 0 0 1 1 1 1 0 1 1 1 0 0 1 0 1 0 0 0 0 1 0
0 1 1 1 1 1 0 0 1 1 1 1 1 1 1 0 1 1 0 0 1 0 1 1 1 0 1 0 1 0 1 1 1 1 0 1 0 1 0 1 0 1 1 0 0 0 1 1 1 1 0 1 1 1 0 1 0 1 0 1
0 1 0 1 0 0 0 0 1 1 1 0 0 0 1 1 0 0 1 1 0 0 1 1 1 0 1 1 0 1 1 1 0 1 0 0 1 1 1 0 1 0 0 0 1 0 1 1 0 0 0 1 1 1 1 0 0 0 1 0
0 0 1 1 1 0 0 0 0 0 0 0 1 1 1 1 0 0 0 0 1 0 1 1 1 0 0 0 1 1 1 0 1 1 1 1 0 0 0 0 0 0 1 1 1 1 0 1 0 0 0 0 1 0 0 1 1 0 0 1
1 0 0 0 0 0 1 0 1 0 0 0 1 0 1 0 1 1 1 1 1 0 0 0 0 1 1 0 1 1 0 1 0 1 0 1 0 0 0 0 0 1 0 0 0 1 1 0 1 0 0 0 1 0 1 1 0 1 0 1
1 0 1 0 1 0 1 1 0 1 1 0 1 0 1 0 0 1 1 1 1 0 0 1 0 1 0 0 1 1 1 0 1 1 0 0 0 1 1 1 1 1 1 1 1 0 0 0 1 1 1 0 1 1 1 1 1 1 0 0
0 0 1 1 0 1 1 1 1 1 1 1 0 0 0 1 0 0 0 0 1 0 0 1 0 0 1 0 0 0 0 0 1 0 1 1 1 0 0 1 0 1 1 1 0 1 0 1 1 0 0 1 1 0 1 1 0 1 1 0
0 1 0 0 1 1 1 1 1 1 1 1 0 1 0 0 1 0 1 0 1 1 1 1 0 0 0 0 1 1 1 1 1 1 1 1 1 0 1 1 0 1 0 0 0 1 1 0 1 1 1 1 1 1 1 1 1 0 1 1
1 0 0 0 0 0 0 0 0 1 0 1 0 1 0 0 0 1 0 0 1 1 0 0 1 0 1 1 0 1 0 0 0 1 0 1 1 1 1 0 1 0 0 1 0 0 1 1 1 1 0 1 1 0 0 1 1 0 1 1
0 0 1 1 0 1 0 0 1 0 1 0 0 1 1 1 1 1 1 1 0 1 1 1 0 1 0 0 1 0 0 1 0 0 1 1 1 1 0 0 0 1 0 0 0 0 0 0 0 1 1 1 0 0 1 0 0 0 1 1
1 1 0 0 1 1 0 0 1 0 0 1 0 0 0 1 1 0 1 0 1 0 0 0 1 1 0 0 1 1 0 1 0 1 0 1 1 0 1 1 1 1 0 1 0 0 0 0 0 0 1 1 0 1 1 1 1 0 1 0
1 0 1 0 1 1 0 0 0 0 0 1 1 1 1 0 0 1 1 1 0 0 1 1 0 0 0 1 0 1 0 1 1 1 1 1 1 1 0 0 1 0 0 0 0 0 1 1 1 1 0 0 0 1 0 0 0 1 1 1
1 0 1 1 1 1 1 1 1 0 0 0 1 0 0 1 1 0 0 1 0 1 0 1 0 0 0 1 1 0 1 1 1 1 0 1 1 1 0 1 1 0 0 0 1 1 0 0 0 0 1 1 1 0 0 0 1 0 1 1
0 1 0 0 1 0 0 1 0 0 0 0 1 0 0 1 0 0 0 0 0 1 1 0 0 1 0 0 1 0 0 0 0 1 1 1 1 0 0 1 1 1 0 1 1 0 1 1 1 0 1 1 0 0 1 1 0 1 1 1
1 1 1 1 0 0 0 1 0 0 0 0 1 0 0 1 1 0 0 0 0 0 0 1 1 1 0 0 0 0 1 0 1 0 1 1 0 0 1 0 1 1 1 0 1 0 1 0 1 0 1 1 1 0 0 1 0 0 0 0
1 0 0 1 0 0 1 0 1 0 0 0 1 1 0 1 0 0 0 1 1 1 1 1 1 0 0 0 0 1 0 1 0 1 1 0 0 0 0 1 1 0 0 0 1 1 0 0 1 0 1 0 1 0 0 0 1 1 0 0
1 0 1 1 1 1 1 1 0 1 0 1 1 1 0 1 0 1 1 1 0 0 0 0 0 1 1 1 0 1 0 1 0 1 1 0 0 1 1 0 0 0 0 1 1 1 1 1 1 1 0 0 0 1 1 1 0 0 0 1
1 0 0 1 1 0 0 0 1 1 0 1 0 0 1 1 1 0 0 1 1 0 0 1 1 0 0 1 0 0 0 0 0 0 1 1 0 0 1 1 1 1 0 0 0 1 0 0 1 0 0 0 0 0 0 0 0 1 1 0
1 1 1 1 0 0 0 0 1 1 1 1 0 1 0 0 1 1 1 0 1 0 1 1 1 1 0 1 1 1 1 1 1 0 0 1 1 1 0 1 0 1 1 0 1 1 0 0 1 0 1 0 1 1 0 1 1 1 0 0
0 1 0 0 0 1 1 1 0 0 0 1 1 1 1 1 1 0 0 1 0 0 0 0 0 1 1 0 0 1 1 0 1 1 1 0 0 0 1 1 1 1 1 0 1 1 1 0 1 0 1 0 0 1 1 1 0 0 0 0
0 1 0 0 0 0 0 1 0 0 0 0 0 1 1 0 0 0 1 0 1 1 1 0 0 0 1 0 0 1 0 1 1 1 0 0 0 0 0 0 0 0 1 0 0 1 0 0 1 0 0 0 1 1 0 0 1 0 0 0
0 0 0 0 0 0 0 1 1 1 0 0 1 0 1 1 1 1 1 1 0 1 0 1 1 0 0 0 0 1 1 1 1 1 1 1 1 1 1 1 1 0 1 0 1 0 1 0 0 0 1 0 0 0 0 1 0 1 1 0
1 1 1 0 1 0 1 1 0 0 1 0 0 1 0 0 0 1 1 1 1 1 0 0 1 0 1 0 0 0 1 1 1 0 1 0 0 1 0 0 0 0 0 1 1 0 0 0 0 1 1 1 1 0 1 0 1 0 1 0
0 0 0 0 0 0 1 1 0 0 1 0 0 0 0 1 0 1 0 0 0 1 1 0 0 1 1 1 0 1 0 1 1 1 0 1 1 1 0 1 0 1 0 0 1 0 1 1 1 1 1 1 0 1 0 1 0 0 1 1
0 1 1 1 1 1 0 1 0 1 0 1 1 0 1 1 0 1 0 0 0 0 0 0 1 1 1 0 1 1 0 1 1 0 1 0 1 1 1 0 1 0 1 1 0 0 0 1 0 1 1 0 1 1 0 0 0 1 0 0
1 1 0 1 1 0 0 1 0 0 1 0 1 1 1 1 0 1 0 1 0 0 1 0 1 1 0 1 1 1 1 0 0 0 0 0 1 0 1 1 0 1 1 0 0 1 1 1 1 1 0 1 0 0 0 0 0 1 1 1
1 0 1 0 1 1 1 1 1 0 0 1 1 1 0 1 0 1 0 0 0 0 1 0 0 0 1 0 1 0 1 1 1 1 0 1 1 1 1 1 1 1 1 0 0 1 0 1 0 1 0 0 1 1 1 1 1 1 1 1
1 0 0 0 0 0 0 1 0 1 1 0 1 1 1 1 0 1 0 1 1 1 0 0 1 1 0 0 0 1 1 0 1 0 1 0 1 0 1 0 0 0 1 0 1 1 1 1 0 0 0 0 0 0 0 1 0 1 0 1
1 0 0 1 0 0 0 1 1 0 0 0 1 0 0 1 0 1 1 0 1 1 0 1 0 0 0 0 1 0 1 0 0 0 0 1 1 0 1 1 1 0 1 1 1 1 1 1 1 0 0 0 0 0 0 0 0 1 1 1
0 0 0 0 0 1 1 1 0 0 1 1 1 0 1 0 1 0 1 0 0 0 1 0 0 1 0 0 1 0 1 0 1 0 1 0 1 0 0 1 1 0 1 1 1 1 0 0 0 1 0 0 1 0 0 0 0 0 1 0
0 1 1 0 1 1 1 0 0 1 1 1 0 1 1 1 1 0 1 0 1 1 1 0 1 1 1 1 1 0 1 0 0 0 1 0 1 1 1 1 0 0 0 1 0 1 1 1 1 0 0 0 1 0 1 1 0 1 0 1
0 0 1 1 0 1 1 0 0 0 0 0 0 0 1 0 0 0 0 0 0 1 1 1 0 1 0 0 1 0 0 1 1 1 1 1 0 0 0 0 1 1 1 1 0 0 0 0 0 1 0 1 1 0 0 1 0 1 0 1
0 1 1 1 1 0 0 1 0 1 1 0 0 0 1 0 1 1 0 1 0 0 0 1 0 0 1 1 1 1 1 0 1 0 1 0 0 1 1 1 0 0 1 1 1 1 0 1 0 1 0 0 1 1 1 0 1 0 0 1
1 0 1 0 1 1 0 0 1 0 1 0 0 0 1 0 1 0 1 0 0 0 0 1 1 1 0 1 1 1 0 1 0 1 0 0 0 1 1 1 1 0 1 1 0 0 0 0 0 1 1 0 0 0 0 1 1 0 0 0
1 0 1 0 1 0 1 1 1 0 0 0 0 0 1 1 0 0 1 1 0 0 0 0 1 0 1 1 1 1 1 1 0 0 0 1 0 0 0 1 1 1 0 0 0 0 0 0 0 0 1 0 0 1 0 0 0 0 0 0
0 1 0 1 0 1 0 1 1 1 1 1 1 1 0 0 1 1 0 0 0 0 1 0 0 1 1 0 1 1 0 0 0 1 1 1 0 0 0 1 1 1 0 1 0 0 0 0 0 1 0 0 1 1 0 0 0 0 1 1
0 0 1 0 1 0 0 0 1 1 1 1 1 0 1 1 1 1 1 0 1 0 0 1 0 0 1 1 0 1 0 0 1 1 0 1 0 1 1 0 0 1 1 1 0 1 1 0 1 0 1 1 0 0 1 0 0 1 0 0
1 1 1 1 1 0 1 0 0 0 0 1 0 1 1 0 1 1 0 1 1 0 0 1 0 0 1 0 1 0 0 0 0 1 0 0 1 0 1 0 0 1 0 1 1 0 0 1 1 1 1 1 1 1 0 0 1 1 0 1
0 0 1 1 1 1 1 1 1 1 1 0 1 0 1 0 0 1 1 0 1 1 1 0 0 1 0 0 0 0 1 0 0 0 0 1 1 0 0 1 0 1 0 1 1 0 1 1 1 1 1 0 0 1 1 1 1 1 1 0
0 0 1 1 1 0 1 0 0 0 0 1 0 1 0 0 1 0 0 1 1 1 1 0 0 0 1 0 0 0 1 1 1 1 1 1 1 0 0 0 1 0 0 0 0 0 0 1 0 1 1 1 1 1 0 1 1 0 0 1
0 0 1 0 1 1 0 1 1 0 1 1 0 1 0 1 1 0 0 0 1 1 0 1 0 0 1 1 0 1 1 1 0 1 1 0 1 0 1 1 0 0 1 1 1 1 0 1 0 1 1 1 0 1 0 0 0 1 0 1
0 0 0 0 0 0 0 0 0 0 1 1 0 1 0 0 1 0 0 1 0 1 1 0 1 0 0 0 1 0 1 0 0 0 1 1 1 1 1 0 0 1 0 0 1 1 0 1 0 1 0 1 1 0 1 0 0 0 0 1
1 0 1 1 1 1 0 1 0 1 1 0 0 0 0 1 1 1 0 1 0 1 1 0 1 0 0 0 1 1 0 0 1 0 0 0 1 1 1 1 1 0 0 0 1 1 0 1 0 0 0 1 0 0 1 1 1 0 0 0